 p    band 75   835 
 e    0    1    0    50 
 e    0    2    0    50 
 e    0    4    0    5 
 e    0    5    0    12 
 e    0    7    0    31 
 e    0    8    0    32 
 e    0    13    0    3 
 e    0    19    0    9 
 e    0    20    0    7 
 e    0    21    0    1 
 e    0    22    0    1 
 e    0    23    0    10 
 e    0    24    0    2 
 e    0    26    0    9 
 e    0    27    0    1 
 e    0    28    0    1 
 e    0    29    0    9 
 e    0    30    0    14 
 e    0    33    0    9 
 e    0    34    0    3 
 e    0    36    0    17 
 e    0    37    0    20 
 e    0    38    0    3 
 e    0    42    0    6 
 e    0    46    0    21 
 e    0    47    0    3 
 e    0    49    0    21 
 e    0    50    0    21 
 e    0    51    0    33 
 e    0    55    0    7 
 e    0    59    0    7 
 e    0    67    0    1 
 e    0    68    0    1 
 e    0    69    0    9 
 e    0    70    0    3 
 e    0    71    0    17 
 e    1    2    0    50 
 e    1    4    0    5 
 e    1    5    0    14 
 e    1    7    0    16 
 e    1    8    0    25 
 e    1    13    0    3 
 e    1    19    0    9 
 e    1    20    0    10 
 e    1    21    0    1 
 e    1    22    0    1 
 e    1    23    0    12 
 e    1    24    0    2 
 e    1    26    0    4 
 e    1    27    0    6 
 e    1    28    0    5 
 e    1    29    0    12 
 e    1    30    0    6 
 e    1    33    0    7 
 e    1    34    0    7 
 e    1    36    0    15 
 e    1    37    0    3 
 e    1    38    0    2 
 e    1    42    0    23 
 e    1    46    0    27 
 e    1    47    0    21 
 e    1    49    0    14 
 e    1    50    0    4 
 e    1    51    0    3 
 e    1    55    0    9 
 e    1    59    0    19 
 e    1    67    0    1 
 e    1    68    0    1 
 e    1    69    0    3 
 e    1    70    0    1 
 e    1    71    0    10 
 e    2    4    0    11 
 e    2    5    0    4 
 e    2    7    0    6 
 e    2    8    0    15 
 e    2    13    0    3 
 e    2    19    0    5 
 e    2    20    0    7 
 e    2    21    0    1 
 e    2    22    0    1 
 e    2    23    0    3 
 e    2    24    0    1 
 e    2    26    0    5 
 e    2    27    0    5 
 e    2    28    0    9 
 e    2    29    0    4 
 e    2    30    0    4 
 e    2    33    0    2 
 e    2    34    0    8 
 e    2    36    0    9 
 e    2    37    0    7 
 e    2    38    0    3 
 e    2    42    0    30 
 e    2    46    0    19 
 e    2    47    0    9 
 e    2    49    0    16 
 e    2    50    0    7 
 e    2    51    0    12 
 e    2    55    0    15 
 e    2    59    0    9 
 e    2    67    0    3 
 e    2    68    0    1 
 e    2    69    0    1 
 e    2    70    0    1 
 e    2    71    0    14 
 e    3    19    0    2 
 e    3    20    0    4 
 e    3    23    0    2 
 e    3    25    0    14 
 e    3    31    0    31 
 e    3    32    0    22 
 e    3    35    0    6 
 e    3    36    0    1 
 e    3    37    0    2 
 e    3    39    0    1 
 e    3    40    0    9 
 e    3    44    0    14 
 e    3    45    0    10 
 e    3    49    0    3 
 e    3    50    0    2 
 e    3    55    0    4 
 e    3    60    0    6 
 e    3    61    0    10 
 e    3    63    0    12 
 e    3    66    0    28 
 e    4    5    0    50 
 e    4    7    0    2 
 e    4    8    0    18 
 e    4    11    0    15 
 e    4    12    0    4 
 e    4    16    0    9 
 e    4    17    0    10 
 e    4    18    0    3 
 e    4    21    0    10 
 e    4    22    0    3 
 e    4    24    0    12 
 e    4    29    0    4 
 e    4    30    0    11 
 e    4    38    0    7 
 e    4    42    0    15 
 e    4    43    0    12 
 e    4    46    0    2 
 e    4    47    0    7 
 e    4    49    0    1 
 e    4    50    0    1 
 e    4    51    0    2 
 e    4    53    0    4 
 e    4    54    0    3 
 e    4    56    0    6 
 e    4    67    0    10 
 e    4    68    0    12 
 e    4    72    0    1 
 e    4    73    0    1 
 e    5    7    0    11 
 e    5    8    0    7 
 e    5    11    0    2 
 e    5    12    0    11 
 e    5    16    0    2 
 e    5    17    0    8 
 e    5    18    0    1 
 e    5    21    0    16 
 e    5    22    0    4 
 e    5    24    0    4 
 e    5    29    0    7 
 e    5    30    0    18 
 e    5    38    0    7 
 e    5    42    0    14 
 e    5    43    0    14 
 e    5    46    0    8 
 e    5    47    0    13 
 e    5    49    0    1 
 e    5    50    0    1 
 e    5    51    0    6 
 e    5    53    0    1 
 e    5    54    0    2 
 e    5    56    0    8 
 e    5    67    0    11 
 e    5    68    0    1 
 e    5    72    0    2 
 e    5    73    0    3 
 e    6    31    0    1 
 e    6    32    0    1 
 e    6    35    0    6 
 e    6    39    0    19 
 e    6    40    0    24 
 e    6    44    0    1 
 e    6    45    0    6 
 e    6    48    0    12 
 e    6    52    0    13 
 e    6    57    0    9 
 e    6    58    0    6 
 e    6    62    0    15 
 e    6    63    0    4 
 e    6    66    0    9 
 e    7    8    0    50 
 e    7    19    0    2 
 e    7    20    0    2 
 e    7    21    0    6 
 e    7    22    0    12 
 e    7    23    0    4 
 e    7    24    0    9 
 e    7    29    0    22 
 e    7    30    0    5 
 e    7    36    0    5 
 e    7    37    0    2 
 e    7    38    0    12 
 e    7    42    0    13 
 e    7    46    0    25 
 e    7    47    0    12 
 e    7    49    0    17 
 e    7    50    0    1 
 e    7    51    0    12 
 e    7    55    0    5 
 e    7    59    0    9 
 e    7    67    0    8 
 e    7    68    0    13 
 e    7    69    0    2 
 e    7    70    0    3 
 e    7    71    0    3 
 e    8    19    0    5 
 e    8    20    0    1 
 e    8    21    0    4 
 e    8    22    0    7 
 e    8    23    0    2 
 e    8    24    0    7 
 e    8    29    0    4 
 e    8    30    0    44 
 e    8    36    0    1 
 e    8    37    0    8 
 e    8    38    0    8 
 e    8    42    0    12 
 e    8    46    0    20 
 e    8    47    0    14 
 e    8    49    0    4 
 e    8    50    0    19 
 e    8    51    0    7 
 e    8    55    0    7 
 e    8    59    0    9 
 e    8    67    0    6 
 e    8    68    0    15 
 e    8    69    0    2 
 e    8    70    0    3 
 e    8    71    0    2 
 e    9    10    0    50 
 e    9    14    0    2 
 e    9    15    0    22 
 e    9    41    0    21 
 e    9    52    0    8 
 e    9    54    0    2 
 e    9    58    0    2 
 e    9    64    0    11 
 e    9    65    0    9 
 e    9    74    0    24 
 e    10    14    0    9 
 e    10    15    0    13 
 e    10    41    0    13 
 e    10    52    0    1 
 e    10    54    0    1 
 e    10    58    0    2 
 e    10    64    0    3 
 e    10    65    0    9 
 e    10    74    0    36 
 e    11    12    0    50 
 e    11    16    0    5 
 e    11    17    0    19 
 e    11    18    0    39 
 e    11    21    0    2 
 e    11    22    0    3 
 e    11    24    0    17 
 e    11    43    0    24 
 e    11    53    0    30 
 e    11    56    0    6 
 e    11    72    0    13 
 e    11    73    0    28 
 e    12    16    0    14 
 e    12    17    0    17 
 e    12    18    0    14 
 e    12    21    0    3 
 e    12    22    0    1 
 e    12    24    0    10 
 e    12    43    0    9 
 e    12    53    0    12 
 e    12    56    0    7 
 e    12    72    0    20 
 e    12    73    0    13 
 e    13    19    0    2 
 e    13    20    0    12 
 e    13    23    0    17 
 e    13    25    0    8 
 e    13    26    0    35 
 e    13    27    0    14 
 e    13    28    0    15 
 e    13    33    0    22 
 e    13    34    0    18 
 e    13    36    0    9 
 e    13    37    0    12 
 e    13    49    0    2 
 e    13    50    0    4 
 e    13    51    0    2 
 e    13    55    0    10 
 e    13    59    0    5 
 e    13    60    0    2 
 e    13    61    0    14 
 e    13    69    0    1 
 e    13    70    0    7 
 e    13    71    0    5 
 e    14    15    0    50 
 e    14    41    0    7 
 e    14    74    0    8 
 e    15    41    0    17 
 e    15    74    0    28 
 e    16    17    0    50 
 e    16    18    0    50 
 e    16    24    0    8 
 e    16    43    0    36 
 e    16    53    0    29 
 e    16    56    0    1 
 e    16    72    0    1 
 e    16    73    0    22 
 e    17    18    0    50 
 e    17    24    0    3 
 e    17    43    0    18 
 e    17    53    0    6 
 e    17    56    0    5 
 e    17    72    0    9 
 e    17    73    0    17 
 e    18    24    0    11 
 e    18    43    0    30 
 e    18    53    0    20 
 e    18    56    0    5 
 e    18    72    0    17 
 e    18    73    0    10 
 e    19    20    0    50 
 e    19    23    0    7 
 e    19    25    0    17 
 e    19    26    0    7 
 e    19    27    0    37 
 e    19    28    0    25 
 e    19    29    0    1 
 e    19    30    0    10 
 e    19    31    0    6 
 e    19    32    0    1 
 e    19    33    0    3 
 e    19    34    0    8 
 e    19    36    0    13 
 e    19    37    0    19 
 e    19    42    0    3 
 e    19    46    0    1 
 e    19    47    0    3 
 e    19    49    0    8 
 e    19    50    0    3 
 e    19    51    0    6 
 e    19    55    0    19 
 e    19    59    0    1 
 e    19    60    0    14 
 e    19    61    0    5 
 e    19    69    0    4 
 e    19    70    0    2 
 e    19    71    0    1 
 e    20    23    0    28 
 e    20    25    0    13 
 e    20    26    0    17 
 e    20    27    0    5 
 e    20    28    0    28 
 e    20    29    0    1 
 e    20    30    0    6 
 e    20    31    0    6 
 e    20    32    0    1 
 e    20    33    0    8 
 e    20    34    0    1 
 e    20    36    0    14 
 e    20    37    0    42 
 e    20    42    0    3 
 e    20    46    0    11 
 e    20    47    0    7 
 e    20    49    0    13 
 e    20    50    0    2 
 e    20    51    0    6 
 e    20    55    0    14 
 e    20    59    0    3 
 e    20    60    0    13 
 e    20    61    0    14 
 e    20    69    0    1 
 e    20    70    0    3 
 e    20    71    0    5 
 e    21    22    0    50 
 e    21    29    0    3 
 e    21    30    0    2 
 e    21    38    0    10 
 e    21    42    0    5 
 e    21    43    0    2 
 e    21    46    0    1 
 e    21    47    0    7 
 e    21    48    0    3 
 e    21    49    0    3 
 e    21    50    0    4 
 e    21    53    0    3 
 e    21    54    0    23 
 e    21    56    0    12 
 e    21    58    0    13 
 e    21    62    0    3 
 e    21    64    0    22 
 e    21    65    0    13 
 e    21    67    0    22 
 e    21    68    0    21 
 e    22    29    0    10 
 e    22    30    0    8 
 e    22    38    0    1 
 e    22    42    0    12 
 e    22    43    0    2 
 e    22    46    0    12 
 e    22    47    0    5 
 e    22    48    0    3 
 e    22    49    0    1 
 e    22    50    0    4 
 e    22    53    0    4 
 e    22    54    0    35 
 e    22    56    0    21 
 e    22    58    0    2 
 e    22    62    0    4 
 e    22    64    0    6 
 e    22    65    0    19 
 e    22    67    0    13 
 e    22    68    0    16 
 e    23    25    0    5 
 e    23    26    0    23 
 e    23    27    0    21 
 e    23    28    0    23 
 e    23    29    0    4 
 e    23    30    0    7 
 e    23    31    0    10 
 e    23    32    0    2 
 e    23    33    0    2 
 e    23    34    0    3 
 e    23    36    0    6 
 e    23    37    0    26 
 e    23    38    0    3 
 e    23    42    0    1 
 e    23    46    0    12 
 e    23    47    0    1 
 e    23    49    0    12 
 e    23    50    0    15 
 e    23    51    0    1 
 e    23    55    0    31 
 e    23    60    0    15 
 e    23    61    0    5 
 e    23    66    0    9 
 e    24    30    0    9 
 e    24    43    0    4 
 e    24    51    0    10 
 e    24    72    0    1 
 e    24    73    0    4 
 e    25    26    0    13 
 e    25    27    0    5 
 e    25    28    0    2 
 e    25    31    0    34 
 e    25    32    0    8 
 e    25    36    0    3 
 e    25    37    0    12 
 e    25    39    0    2 
 e    25    40    0    3 
 e    25    49    0    6 
 e    25    50    0    9 
 e    25    55    0    4 
 e    25    60    0    40 
 e    25    61    0    16 
 e    25    63    0    1 
 e    25    66    0    2 
 e    26    27    0    50 
 e    26    28    0    50 
 e    26    30    0    2 
 e    26    33    0    5 
 e    26    34    0    12 
 e    26    36    0    30 
 e    26    37    0    5 
 e    26    42    0    1 
 e    26    46    0    2 
 e    26    47    0    2 
 e    26    49    0    2 
 e    26    50    0    6 
 e    26    51    0    5 
 e    26    55    0    7 
 e    26    59    0    7 
 e    26    60    0    6 
 e    26    61    0    18 
 e    26    69    0    2 
 e    26    70    0    6 
 e    26    71    0    7 
 e    27    28    0    50 
 e    27    30    0    2 
 e    27    33    0    14 
 e    27    34    0    22 
 e    27    36    0    23 
 e    27    37    0    30 
 e    27    42    0    1 
 e    27    46    0    3 
 e    27    47    0    3 
 e    27    49    0    1 
 e    27    50    0    1 
 e    27    51    0    7 
 e    27    55    0    3 
 e    27    59    0    5 
 e    27    60    0    15 
 e    27    61    0    14 
 e    27    69    0    3 
 e    27    70    0    7 
 e    27    71    0    5 
 e    28    30    0    2 
 e    28    33    0    9 
 e    28    34    0    3 
 e    28    36    0    25 
 e    28    37    0    28 
 e    28    42    0    1 
 e    28    46    0    6 
 e    28    47    0    1 
 e    28    49    0    8 
 e    28    50    0    9 
 e    28    51    0    4 
 e    28    55    0    19 
 e    28    59    0    3 
 e    28    60    0    16 
 e    28    61    0    12 
 e    28    69    0    1 
 e    28    70    0    6 
 e    28    71    0    8 
 e    29    30    0    19 
 e    29    36    0    5 
 e    29    37    0    7 
 e    29    38    0    17 
 e    29    42    0    2 
 e    29    46    0    2 
 e    29    47    0    30 
 e    29    48    0    1 
 e    29    49    0    22 
 e    29    50    0    17 
 e    29    51    0    4 
 e    29    54    0    9 
 e    29    55    0    12 
 e    29    56    0    5 
 e    29    58    0    8 
 e    29    62    0    1 
 e    29    64    0    2 
 e    29    65    0    3 
 e    29    67    0    28 
 e    29    68    0    15 
 e    30    33    0    2 
 e    30    34    0    1 
 e    30    36    0    1 
 e    30    37    0    11 
 e    30    38    0    8 
 e    30    42    0    10 
 e    30    46    0    20 
 e    30    47    0    31 
 e    30    49    0    23 
 e    30    50    0    3 
 e    30    51    0    21 
 e    30    55    0    7 
 e    30    59    0    9 
 e    30    67    0    4 
 e    30    68    0    2 
 e    30    69    0    1 
 e    30    70    0    2 
 e    30    71    0    1 
 e    31    32    0    50 
 e    31    35    0    8 
 e    31    36    0    8 
 e    31    37    0    7 
 e    31    39    0    4 
 e    31    40    0    1 
 e    31    44    0    6 
 e    31    45    0    8 
 e    31    48    0    2 
 e    31    49    0    8 
 e    31    50    0    3 
 e    31    55    0    6 
 e    31    60    0    17 
 e    31    61    0    10 
 e    31    62    0    1 
 e    31    63    0    12 
 e    31    66    0    5 
 e    32    35    0    4 
 e    32    36    0    1 
 e    32    37    0    2 
 e    32    39    0    10 
 e    32    40    0    6 
 e    32    44    0    9 
 e    32    45    0    2 
 e    32    48    0    1 
 e    32    49    0    7 
 e    32    50    0    7 
 e    32    55    0    2 
 e    32    60    0    31 
 e    32    61    0    14 
 e    32    62    0    1 
 e    32    63    0    9 
 e    32    66    0    5 
 e    33    34    0    50 
 e    33    36    0    6 
 e    33    37    0    9 
 e    33    51    0    14 
 e    33    55    0    2 
 e    33    59    0    28 
 e    33    69    0    29 
 e    33    70    0    23 
 e    33    71    0    28 
 e    34    36    0    7 
 e    34    37    0    13 
 e    34    51    0    1 
 e    34    55    0    4 
 e    34    59    0    27 
 e    34    69    0    5 
 e    34    70    0    2 
 e    34    71    0    20 
 e    35    39    0    6 
 e    35    40    0    24 
 e    35    44    0    6 
 e    35    45    0    11 
 e    35    48    0    9 
 e    35    52    0    5 
 e    35    57    0    13 
 e    35    58    0    1 
 e    35    62    0    7 
 e    35    63    0    13 
 e    35    66    0    2 
 e    36    37    0    50 
 e    36    38    0    3 
 e    36    42    0    2 
 e    36    46    0    20 
 e    36    47    0    5 
 e    36    49    0    29 
 e    36    50    0    3 
 e    36    51    0    11 
 e    36    55    0    32 
 e    36    59    0    5 
 e    36    60    0    2 
 e    36    61    0    14 
 e    36    69    0    6 
 e    36    70    0    2 
 e    36    71    0    1 
 e    37    38    0    1 
 e    37    42    0    20 
 e    37    46    0    16 
 e    37    47    0    22 
 e    37    49    0    4 
 e    37    50    0    21 
 e    37    51    0    4 
 e    37    55    0    15 
 e    37    59    0    1 
 e    37    60    0    6 
 e    37    61    0    11 
 e    37    69    0    2 
 e    37    70    0    1 
 e    37    71    0    2 
 e    38    42    0    23 
 e    38    46    0    16 
 e    38    47    0    20 
 e    38    48    0    10 
 e    38    49    0    18 
 e    38    50    0    9 
 e    38    52    0    1 
 e    38    54    0    14 
 e    38    55    0    6 
 e    38    56    0    1 
 e    38    58    0    29 
 e    38    62    0    23 
 e    38    64    0    20 
 e    38    65    0    14 
 e    38    66    0    1 
 e    38    67    0    34 
 e    38    68    0    2 
 e    39    40    0    50 
 e    39    44    0    20 
 e    39    45    0    3 
 e    39    48    0    4 
 e    39    52    0    4 
 e    39    57    0    1 
 e    39    62    0    2 
 e    39    63    0    7 
 e    39    66    0    25 
 e    40    44    0    15 
 e    40    45    0    15 
 e    40    48    0    3 
 e    40    52    0    2 
 e    40    57    0    3 
 e    40    62    0    8 
 e    40    63    0    10 
 e    40    66    0    15 
 e    41    52    0    1 
 e    41    54    0    14 
 e    41    56    0    8 
 e    41    58    0    7 
 e    41    62    0    2 
 e    41    64    0    9 
 e    41    65    0    20 
 e    41    74    0    17 
 e    42    46    0    26 
 e    42    47    0    16 
 e    42    49    0    7 
 e    42    50    0    4 
 e    42    51    0    15 
 e    42    54    0    2 
 e    42    55    0    12 
 e    42    58    0    1 
 e    42    59    0    3 
 e    42    62    0    1 
 e    42    67    0    13 
 e    42    68    0    17 
 e    43    53    0    43 
 e    43    54    0    4 
 e    43    56    0    15 
 e    43    72    0    6 
 e    43    73    0    15 
 e    44    45    0    50 
 e    44    57    0    3 
 e    44    63    0    23 
 e    44    66    0    5 
 e    45    57    0    2 
 e    45    63    0    22 
 e    45    66    0    10 
 e    46    47    0    50 
 e    46    49    0    7 
 e    46    50    0    30 
 e    46    51    0    4 
 e    46    55    0    24 
 e    46    58    0    4 
 e    46    59    0    2 
 e    46    62    0    1 
 e    46    67    0    4 
 e    46    68    0    5 
 e    47    49    0    36 
 e    47    50    0    33 
 e    47    51    0    9 
 e    47    55    0    22 
 e    47    58    0    3 
 e    47    59    0    2 
 e    47    62    0    1 
 e    47    67    0    16 
 e    47    68    0    8 
 e    48    49    0    1 
 e    48    50    0    3 
 e    48    52    0    27 
 e    48    54    0    2 
 e    48    57    0    9 
 e    48    58    0    32 
 e    48    62    0    2 
 e    48    63    0    1 
 e    48    64    0    4 
 e    48    65    0    11 
 e    48    66    0    9 
 e    48    67    0    8 
 e    48    68    0    9 
 e    49    50    0    50 
 e    49    51    0    3 
 e    49    55    0    19 
 e    49    58    0    2 
 e    49    60    0    11 
 e    49    61    0    4 
 e    49    62    0    3 
 e    49    66    0    6 
 e    49    67    0    13 
 e    49    68    0    10 
 e    50    51    0    3 
 e    50    55    0    6 
 e    50    58    0    3 
 e    50    60    0    3 
 e    50    61    0    8 
 e    50    62    0    1 
 e    50    66    0    6 
 e    50    67    0    13 
 e    50    68    0    6 
 e    51    55    0    9 
 e    51    59    0    14 
 e    51    69    0    24 
 e    51    70    0    21 
 e    51    71    0    30 
 e    52    57    0    29 
 e    52    58    0    15 
 e    52    62    0    18 
 e    52    64    0    1 
 e    52    65    0    6 
 e    52    66    0    1 
 e    53    54    0    1 
 e    53    56    0    7 
 e    53    72    0    3 
 e    53    73    0    2 
 e    54    56    0    20 
 e    54    58    0    17 
 e    54    62    0    5 
 e    54    64    0    7 
 e    54    65    0    35 
 e    54    67    0    20 
 e    54    68    0    1 
 e    55    59    0    3 
 e    55    60    0    17 
 e    55    61    0    14 
 e    55    66    0    3 
 e    55    67    0    1 
 e    55    68    0    1 
 e    56    58    0    6 
 e    56    64    0    17 
 e    56    65    0    18 
 e    56    67    0    4 
 e    56    68    0    8 
 e    57    58    0    1 
 e    57    62    0    7 
 e    57    63    0    3 
 e    57    66    0    3 
 e    58    62    0    1 
 e    58    64    0    16 
 e    58    65    0    14 
 e    58    66    0    2 
 e    58    67    0    23 
 e    58    68    0    22 
 e    59    69    0    25 
 e    59    70    0    22 
 e    59    71    0    39 
 e    60    61    0    50 
 e    60    66    0    2 
 e    61    66    0    3 
 e    62    64    0    3 
 e    62    65    0    6 
 e    62    66    0    13 
 e    62    67    0    2 
 e    62    68    0    15 
 e    63    66    0    1 
 e    64    65    0    50 
 e    64    67    0    10 
 e    64    68    0    18 
 e    65    67    0    8 
 e    65    68    0    10 
 e    67    68    0    50 
 e    69    70    0    50 
 e    69    71    0    50 
 e    70    71    0    50 
 e    72    73    0    18 
