 p    band 75   838 
 e    0    1    0    1013 
 e    0    2    0    1122 
 e    0    3    0    1007 
 e    0    17    0    1693 
 e    0    31    0    499 
 e    0    34    0    878 
 e    0    35    0    615 
 e    0    52    0    1102 
 e    0    53    0    1305 
 e    1    2    0    10000 
 e    1    3    0    1488 
 e    1    4    0    1911 
 e    1    5    0    587 
 e    1    9    0    47 
 e    1    13    0    1918 
 e    1    14    0    1121 
 e    1    17    0    211 
 e    1    18    0    2584 
 e    1    19    0    1368 
 e    1    21    0    2473 
 e    1    31    0    3368 
 e    1    34    0    954 
 e    1    35    0    961 
 e    1    37    0    587 
 e    1    38    0    1017 
 e    1    44    0    116 
 e    1    45    0    43 
 e    1    52    0    3428 
 e    1    53    0    4597 
 e    1    54    0    418 
 e    1    55    0    597 
 e    1    58    0    17 
 e    1    59    0    1388 
 e    1    63    0    6665 
 e    1    64    0    604 
 e    1    65    0    86 
 e    1    71    0    134 
 e    1    72    0    332 
 e    2    3    0    932 
 e    2    4    0    3293 
 e    2    5    0    2152 
 e    2    9    0    28 
 e    2    13    0    1727 
 e    2    14    0    1134 
 e    2    17    0    2351 
 e    2    18    0    2788 
 e    2    19    0    2346 
 e    2    21    0    1552 
 e    2    31    0    342 
 e    2    34    0    1196 
 e    2    35    0    50 
 e    2    37    0    1006 
 e    2    38    0    2475 
 e    2    44    0    42 
 e    2    45    0    70 
 e    2    52    0    704 
 e    2    53    0    355 
 e    2    54    0    210 
 e    2    55    0    131 
 e    2    58    0    1637 
 e    2    59    0    2470 
 e    2    63    0    1897 
 e    2    64    0    543 
 e    2    65    0    66 
 e    2    71    0    35 
 e    2    72    0    2432 
 e    3    9    0    5277 
 e    3    13    0    1631 
 e    3    14    0    2144 
 e    3    18    0    375 
 e    3    19    0    2182 
 e    3    21    0    1215 
 e    3    29    0    463 
 e    3    34    0    8293 
 e    3    35    0    4293 
 e    3    36    0    1905 
 e    3    40    0    2284 
 e    3    41    0    3357 
 e    3    47    0    6496 
 e    3    48    0    40 
 e    3    51    0    288 
 e    3    52    0    6334 
 e    3    53    0    4175 
 e    3    54    0    564 
 e    3    55    0    738 
 e    3    63    0    549 
 e    3    66    0    704 
 e    4    5    0    10000 
 e    4    7    0    517 
 e    4    8    0    466 
 e    4    13    0    1176 
 e    4    14    0    813 
 e    4    17    0    4297 
 e    4    22    0    44 
 e    4    23    0    32 
 e    4    26    0    1047 
 e    4    27    0    3902 
 e    4    28    0    1060 
 e    4    31    0    2273 
 e    4    37    0    1458 
 e    4    38    0    1025 
 e    4    49    0    441 
 e    4    50    0    228 
 e    4    58    0    351 
 e    4    59    0    922 
 e    4    63    0    1903 
 e    4    64    0    1036 
 e    4    65    0    559 
 e    4    71    0    1716 
 e    4    72    0    19 
 e    5    7    0    153 
 e    5    8    0    949 
 e    5    13    0    1805 
 e    5    14    0    53 
 e    5    17    0    648 
 e    5    22    0    62 
 e    5    23    0    15 
 e    5    26    0    3583 
 e    5    27    0    4294 
 e    5    28    0    1426 
 e    5    31    0    3059 
 e    5    37    0    454 
 e    5    38    0    1418 
 e    5    49    0    137 
 e    5    50    0    261 
 e    5    58    0    3295 
 e    5    59    0    3859 
 e    5    63    0    292 
 e    5    64    0    817 
 e    5    65    0    805 
 e    5    71    0    2198 
 e    5    72    0    4270 
 e    6    10    0    5440 
 e    6    12    0    212 
 e    6    15    0    733 
 e    6    16    0    601 
 e    6    22    0    2960 
 e    6    23    0    349 
 e    6    26    0    110 
 e    6    27    0    5 
 e    6    28    0    106 
 e    6    56    0    1422 
 e    6    57    0    396 
 e    6    68    0    1089 
 e    6    69    0    1660 
 e    6    70    0    2348 
 e    6    74    0    7313 
 e    7    8    0    10000 
 e    7    12    0    514 
 e    7    15    0    2851 
 e    7    16    0    3506 
 e    7    26    0    5244 
 e    7    27    0    3456 
 e    7    28    0    365 
 e    7    69    0    511 
 e    7    71    0    2891 
 e    8    12    0    83 
 e    8    15    0    2683 
 e    8    16    0    4083 
 e    8    26    0    2516 
 e    8    27    0    940 
 e    8    28    0    77 
 e    8    69    0    712 
 e    8    71    0    2316 
 e    9    13    0    743 
 e    9    14    0    1204 
 e    9    18    0    1914 
 e    9    19    0    4506 
 e    9    21    0    2052 
 e    9    29    0    788 
 e    9    34    0    4202 
 e    9    35    0    4483 
 e    9    36    0    2670 
 e    9    37    0    413 
 e    9    38    0    237 
 e    9    40    0    264 
 e    9    41    0    477 
 e    9    44    0    1234 
 e    9    45    0    810 
 e    9    47    0    3480 
 e    9    48    0    4581 
 e    9    51    0    1713 
 e    9    52    0    1313 
 e    9    53    0    3717 
 e    9    54    0    3840 
 e    9    55    0    4313 
 e    9    63    0    1149 
 e    9    66    0    2140 
 e    10    12    0    3830 
 e    10    15    0    48 
 e    10    16    0    35 
 e    10    22    0    1554 
 e    10    23    0    2217 
 e    10    32    0    10 
 e    10    33    0    24 
 e    10    42    0    17 
 e    10    43    0    16 
 e    10    56    0    1298 
 e    10    57    0    1946 
 e    10    68    0    1095 
 e    10    69    0    2104 
 e    10    70    0    642 
 e    10    74    0    5011 
 e    11    20    0    750 
 e    11    24    0    2747 
 e    11    25    0    634 
 e    11    30    0    348 
 e    11    42    0    14 
 e    11    43    0    157 
 e    11    56    0    1985 
 e    11    57    0    2933 
 e    11    67    0    1841 
 e    12    15    0    547 
 e    12    16    0    882 
 e    12    22    0    6123 
 e    12    23    0    100 
 e    12    26    0    1419 
 e    12    27    0    3762 
 e    12    28    0    1459 
 e    12    32    0    557 
 e    12    33    0    544 
 e    12    42    0    30 
 e    12    43    0    145 
 e    12    56    0    1343 
 e    12    57    0    1065 
 e    12    64    0    689 
 e    12    65    0    999 
 e    12    68    0    463 
 e    12    69    0    853 
 e    12    70    0    583 
 e    12    71    0    3045 
 e    12    72    0    868 
 e    12    74    0    2821 
 e    13    14    0    10000 
 e    13    17    0    257 
 e    13    18    0    6510 
 e    13    19    0    6310 
 e    13    21    0    4816 
 e    13    31    0    1555 
 e    13    32    0    990 
 e    13    33    0    1300 
 e    13    34    0    1572 
 e    13    35    0    631 
 e    13    36    0    704 
 e    13    37    0    1369 
 e    13    38    0    1348 
 e    13    39    0    941 
 e    13    44    0    1868 
 e    13    45    0    1997 
 e    13    47    0    421 
 e    13    48    0    268 
 e    13    52    0    871 
 e    13    53    0    1802 
 e    13    54    0    1704 
 e    13    55    0    3957 
 e    13    58    0    2622 
 e    13    59    0    817 
 e    13    63    0    8348 
 e    13    64    0    160 
 e    13    65    0    169 
 e    13    72    0    576 
 e    14    17    0    2352 
 e    14    18    0    3659 
 e    14    19    0    5014 
 e    14    21    0    1397 
 e    14    31    0    1679 
 e    14    32    0    217 
 e    14    33    0    1062 
 e    14    34    0    20 
 e    14    35    0    1971 
 e    14    36    0    132 
 e    14    37    0    4642 
 e    14    38    0    4444 
 e    14    39    0    983 
 e    14    44    0    1183 
 e    14    45    0    3470 
 e    14    47    0    200 
 e    14    48    0    833 
 e    14    52    0    2647 
 e    14    53    0    5092 
 e    14    54    0    3147 
 e    14    55    0    3873 
 e    14    58    0    1731 
 e    14    59    0    556 
 e    14    63    0    7309 
 e    14    64    0    1642 
 e    14    65    0    1037 
 e    14    72    0    4774 
 e    15    16    0    10000 
 e    15    26    0    1485 
 e    15    27    0    1572 
 e    15    28    0    1746 
 e    15    68    0    2699 
 e    15    69    0    4682 
 e    15    70    0    1098 
 e    15    71    0    25 
 e    16    26    0    830 
 e    16    27    0    684 
 e    16    28    0    201 
 e    16    68    0    541 
 e    16    69    0    3382 
 e    16    70    0    1160 
 e    16    71    0    168 
 e    17    31    0    5296 
 e    17    49    0    1437 
 e    17    50    0    1840 
 e    17    52    0    658 
 e    17    53    0    743 
 e    17    58    0    5460 
 e    17    59    0    4112 
 e    17    63    0    3247 
 e    17    71    0    194 
 e    17    72    0    596 
 e    17    73    0    1 
 e    18    19    0    10000 
 e    18    20    0    1 
 e    18    21    0    7063 
 e    18    30    0    260 
 e    18    32    0    26 
 e    18    33    0    1402 
 e    18    34    0    1313 
 e    18    35    0    83 
 e    18    36    0    2213 
 e    18    37    0    53 
 e    18    38    0    3457 
 e    18    39    0    2509 
 e    18    42    0    971 
 e    18    43    0    767 
 e    18    44    0    6308 
 e    18    45    0    2759 
 e    18    47    0    514 
 e    18    48    0    747 
 e    18    52    0    4320 
 e    18    53    0    537 
 e    18    54    0    3201 
 e    18    55    0    4207 
 e    18    63    0    4385 
 e    18    64    0    3000 
 e    18    65    0    974 
 e    18    72    0    167 
 e    19    20    0    1 
 e    19    21    0    8510 
 e    19    30    0    186 
 e    19    32    0    2135 
 e    19    33    0    723 
 e    19    34    0    8 
 e    19    35    0    641 
 e    19    36    0    1589 
 e    19    37    0    4741 
 e    19    38    0    3817 
 e    19    39    0    331 
 e    19    42    0    641 
 e    19    43    0    947 
 e    19    44    0    4556 
 e    19    45    0    3067 
 e    19    47    0    1375 
 e    19    48    0    1780 
 e    19    52    0    1523 
 e    19    53    0    3971 
 e    19    54    0    6512 
 e    19    55    0    5345 
 e    19    63    0    2717 
 e    19    64    0    3165 
 e    19    65    0    3344 
 e    19    72    0    39 
 e    20    21    0    543 
 e    20    24    0    3405 
 e    20    25    0    4706 
 e    20    30    0    5643 
 e    20    32    0    2394 
 e    20    33    0    45 
 e    20    37    0    946 
 e    20    38    0    85 
 e    20    39    0    1351 
 e    20    42    0    1493 
 e    20    43    0    4329 
 e    20    44    0    2090 
 e    20    45    0    1678 
 e    20    54    0    684 
 e    20    55    0    1450 
 e    20    56    0    418 
 e    20    57    0    140 
 e    20    64    0    1514 
 e    20    65    0    328 
 e    20    67    0    6758 
 e    21    30    0    815 
 e    21    32    0    787 
 e    21    33    0    2988 
 e    21    34    0    691 
 e    21    35    0    965 
 e    21    36    0    276 
 e    21    37    0    4315 
 e    21    38    0    5689 
 e    21    39    0    571 
 e    21    42    0    146 
 e    21    43    0    1293 
 e    21    44    0    5628 
 e    21    45    0    5225 
 e    21    47    0    1205 
 e    21    48    0    1708 
 e    21    52    0    1155 
 e    21    53    0    3281 
 e    21    54    0    7316 
 e    21    55    0    3296 
 e    21    63    0    3825 
 e    21    64    0    2281 
 e    21    65    0    3034 
 e    21    67    0    176 
 e    21    72    0    3754 
 e    22    23    0    10000 
 e    22    26    0    1730 
 e    22    27    0    2026 
 e    22    28    0    2183 
 e    22    30    0    1387 
 e    22    32    0    4573 
 e    22    33    0    3211 
 e    22    37    0    1895 
 e    22    38    0    1740 
 e    22    39    0    1870 
 e    22    42    0    698 
 e    22    43    0    667 
 e    22    44    0    27 
 e    22    45    0    137 
 e    22    56    0    2910 
 e    22    57    0    2714 
 e    22    64    0    2438 
 e    22    65    0    4777 
 e    22    67    0    248 
 e    22    68    0    323 
 e    22    69    0    1300 
 e    22    70    0    332 
 e    22    71    0    1318 
 e    22    72    0    56 
 e    22    74    0    3483 
 e    23    26    0    1348 
 e    23    27    0    366 
 e    23    28    0    2354 
 e    23    30    0    1825 
 e    23    32    0    1611 
 e    23    33    0    2330 
 e    23    37    0    810 
 e    23    38    0    2404 
 e    23    39    0    2185 
 e    23    42    0    559 
 e    23    43    0    1496 
 e    23    44    0    15 
 e    23    45    0    73 
 e    23    56    0    882 
 e    23    57    0    840 
 e    23    64    0    2030 
 e    23    65    0    2700 
 e    23    67    0    1112 
 e    23    68    0    1584 
 e    23    69    0    947 
 e    23    70    0    2184 
 e    23    71    0    981 
 e    23    72    0    1936 
 e    23    74    0    4706 
 e    24    25    0    10000 
 e    24    30    0    2219 
 e    24    32    0    495 
 e    24    33    0    235 
 e    24    39    0    682 
 e    24    42    0    1943 
 e    24    43    0    1792 
 e    24    56    0    2768 
 e    24    57    0    764 
 e    24    67    0    3990 
 e    25    30    0    510 
 e    25    32    0    744 
 e    25    33    0    692 
 e    25    39    0    82 
 e    25    42    0    505 
 e    25    43    0    1756 
 e    25    56    0    235 
 e    25    57    0    796 
 e    25    67    0    364 
 e    26    27    0    10000 
 e    26    28    0    10000 
 e    26    31    0    1 
 e    26    58    0    980 
 e    26    59    0    1181 
 e    26    64    0    146 
 e    26    65    0    109 
 e    26    68    0    1041 
 e    26    69    0    1529 
 e    26    70    0    917 
 e    26    71    0    7908 
 e    26    72    0    839 
 e    27    28    0    10000 
 e    27    31    0    1 
 e    27    58    0    733 
 e    27    59    0    142 
 e    27    64    0    420 
 e    27    65    0    76 
 e    27    68    0    476 
 e    27    69    0    1228 
 e    27    70    0    984 
 e    27    71    0    8305 
 e    27    72    0    1277 
 e    28    31    0    1 
 e    28    58    0    754 
 e    28    59    0    253 
 e    28    64    0    224 
 e    28    65    0    37 
 e    28    68    0    126 
 e    28    69    0    1328 
 e    28    70    0    223 
 e    28    71    0    3258 
 e    28    72    0    154 
 e    29    34    0    3473 
 e    29    35    0    609 
 e    29    36    0    1469 
 e    29    40    0    8575 
 e    29    41    0    7488 
 e    29    47    0    1254 
 e    29    48    0    3650 
 e    29    51    0    4083 
 e    29    52    0    108 
 e    29    53    0    129 
 e    29    66    0    2201 
 e    30    32    0    2289 
 e    30    33    0    4793 
 e    30    37    0    928 
 e    30    38    0    1474 
 e    30    39    0    3347 
 e    30    42    0    7270 
 e    30    43    0    1109 
 e    30    44    0    2203 
 e    30    45    0    2789 
 e    30    54    0    309 
 e    30    55    0    163 
 e    30    56    0    2988 
 e    30    57    0    1211 
 e    30    64    0    1478 
 e    30    65    0    2568 
 e    30    67    0    2588 
 e    30    72    0    404 
 e    31    46    0    236 
 e    31    49    0    2915 
 e    31    50    0    2770 
 e    31    52    0    220 
 e    31    53    0    569 
 e    31    58    0    1138 
 e    31    59    0    1711 
 e    31    63    0    3403 
 e    31    71    0    132 
 e    31    72    0    323 
 e    31    73    0    252 
 e    32    33    0    10000 
 e    32    37    0    5817 
 e    32    38    0    4311 
 e    32    39    0    1192 
 e    32    42    0    959 
 e    32    43    0    5012 
 e    32    44    0    2102 
 e    32    45    0    1089 
 e    32    54    0    626 
 e    32    55    0    190 
 e    32    56    0    2491 
 e    32    57    0    2286 
 e    32    63    0    822 
 e    32    64    0    7911 
 e    32    65    0    1629 
 e    32    67    0    835 
 e    32    71    0    31 
 e    32    72    0    2015 
 e    32    74    0    1058 
 e    33    37    0    2437 
 e    33    38    0    2880 
 e    33    39    0    2033 
 e    33    42    0    6022 
 e    33    43    0    6626 
 e    33    44    0    4226 
 e    33    45    0    241 
 e    33    54    0    352 
 e    33    55    0    1800 
 e    33    56    0    469 
 e    33    57    0    760 
 e    33    63    0    255 
 e    33    64    0    1389 
 e    33    65    0    7159 
 e    33    67    0    3471 
 e    33    71    0    15 
 e    33    72    0    2187 
 e    33    74    0    269 
 e    34    35    0    10000 
 e    34    36    0    4095 
 e    34    40    0    2793 
 e    34    41    0    1550 
 e    34    47    0    1400 
 e    34    48    0    2776 
 e    34    51    0    386 
 e    34    52    0    1125 
 e    34    53    0    3830 
 e    34    54    0    130 
 e    34    55    0    483 
 e    34    63    0    1291 
 e    34    66    0    1649 
 e    35    36    0    708 
 e    35    40    0    1804 
 e    35    41    0    1843 
 e    35    47    0    1179 
 e    35    48    0    4912 
 e    35    51    0    873 
 e    35    52    0    3577 
 e    35    53    0    722 
 e    35    54    0    23 
 e    35    55    0    545 
 e    35    63    0    730 
 e    35    66    0    2288 
 e    36    40    0    2420 
 e    36    41    0    842 
 e    36    44    0    124 
 e    36    45    0    297 
 e    36    47    0    5657 
 e    36    48    0    2588 
 e    36    51    0    354 
 e    36    52    0    966 
 e    36    53    0    791 
 e    36    54    0    3199 
 e    36    55    0    3121 
 e    36    66    0    3313 
 e    37    38    0    10000 
 e    37    39    0    1396 
 e    37    42    0    93 
 e    37    43    0    4165 
 e    37    44    0    263 
 e    37    45    0    4599 
 e    37    52    0    456 
 e    37    53    0    452 
 e    37    54    0    2340 
 e    37    55    0    406 
 e    37    58    0    10 
 e    37    59    0    48 
 e    37    63    0    716 
 e    37    64    0    2037 
 e    37    65    0    1008 
 e    37    67    0    777 
 e    37    71    0    323 
 e    37    72    0    1270 
 e    38    39    0    4813 
 e    38    42    0    2081 
 e    38    43    0    4077 
 e    38    44    0    3080 
 e    38    45    0    854 
 e    38    52    0    1053 
 e    38    53    0    703 
 e    38    54    0    3130 
 e    38    55    0    2404 
 e    38    58    0    49 
 e    38    59    0    53 
 e    38    63    0    4397 
 e    38    64    0    6089 
 e    38    65    0    5869 
 e    38    67    0    980 
 e    38    71    0    409 
 e    38    72    0    2491 
 e    39    42    0    5857 
 e    39    43    0    213 
 e    39    44    0    4038 
 e    39    45    0    632 
 e    39    54    0    2667 
 e    39    55    0    286 
 e    39    56    0    2827 
 e    39    57    0    525 
 e    39    63    0    92 
 e    39    64    0    5892 
 e    39    65    0    5742 
 e    39    67    0    511 
 e    39    72    0    1003 
 e    39    74    0    22 
 e    40    41    0    10000 
 e    40    47    0    3163 
 e    40    48    0    2695 
 e    40    51    0    1764 
 e    40    52    0    498 
 e    40    53    0    377 
 e    40    66    0    3546 
 e    41    47    0    1562 
 e    41    48    0    3911 
 e    41    51    0    2015 
 e    41    52    0    51 
 e    41    53    0    770 
 e    41    66    0    279 
 e    42    43    0    10000 
 e    42    44    0    1671 
 e    42    45    0    3527 
 e    42    54    0    1516 
 e    42    55    0    518 
 e    42    56    0    947 
 e    42    57    0    5169 
 e    42    64    0    346 
 e    42    65    0    3909 
 e    42    67    0    1861 
 e    42    72    0    1375 
 e    42    74    0    307 
 e    43    44    0    2309 
 e    43    45    0    3652 
 e    43    54    0    536 
 e    43    55    0    1585 
 e    43    56    0    342 
 e    43    57    0    1941 
 e    43    64    0    5099 
 e    43    65    0    556 
 e    43    67    0    3393 
 e    43    72    0    1059 
 e    43    74    0    207 
 e    44    45    0    10000 
 e    44    47    0    4 
 e    44    48    0    19 
 e    44    52    0    1211 
 e    44    53    0    1100 
 e    44    54    0    4784 
 e    44    55    0    4282 
 e    44    63    0    733 
 e    44    64    0    4505 
 e    44    65    0    2824 
 e    44    67    0    2256 
 e    44    72    0    1701 
 e    45    47    0    20 
 e    45    48    0    51 
 e    45    52    0    847 
 e    45    53    0    73 
 e    45    54    0    5487 
 e    45    55    0    3294 
 e    45    63    0    861 
 e    45    64    0    4252 
 e    45    65    0    3676 
 e    45    67    0    2586 
 e    45    72    0    1747 
 e    46    49    0    7070 
 e    46    50    0    1054 
 e    46    58    0    761 
 e    46    59    0    241 
 e    46    60    0    547 
 e    46    61    0    141 
 e    46    62    0    308 
 e    46    73    0    1183 
 e    47    48    0    10000 
 e    47    51    0    4678 
 e    47    52    0    3054 
 e    47    53    0    161 
 e    47    54    0    1616 
 e    47    55    0    1155 
 e    47    66    0    2586 
 e    48    51    0    3752 
 e    48    52    0    2901 
 e    48    53    0    1218 
 e    48    54    0    779 
 e    48    55    0    1023 
 e    48    66    0    5350 
 e    49    50    0    10000 
 e    49    58    0    1863 
 e    49    59    0    1245 
 e    49    60    0    866 
 e    49    61    0    111 
 e    49    62    0    113 
 e    49    73    0    1402 
 e    50    58    0    2436 
 e    50    59    0    175 
 e    50    60    0    1053 
 e    50    61    0    883 
 e    50    62    0    1399 
 e    50    73    0    3764 
 e    51    66    0    4220 
 e    52    53    0    10000 
 e    52    54    0    601 
 e    52    55    0    668 
 e    52    58    0    311 
 e    52    59    0    244 
 e    52    63    0    5052 
 e    52    72    0    202 
 e    53    54    0    1918 
 e    53    55    0    1468 
 e    53    58    0    711 
 e    53    59    0    271 
 e    53    63    0    1788 
 e    53    72    0    424 
 e    54    55    0    10000 
 e    54    63    0    518 
 e    54    64    0    1908 
 e    54    65    0    1984 
 e    54    67    0    970 
 e    54    72    0    1584 
 e    55    63    0    1151 
 e    55    64    0    2490 
 e    55    65    0    1056 
 e    55    67    0    291 
 e    55    72    0    1713 
 e    56    57    0    10000 
 e    56    64    0    697 
 e    56    65    0    1584 
 e    56    67    0    3445 
 e    56    70    0    1156 
 e    56    74    0    3677 
 e    57    64    0    1075 
 e    57    65    0    1684 
 e    57    67    0    1870 
 e    57    70    0    794 
 e    57    74    0    2342 
 e    58    59    0    10000 
 e    58    63    0    136 
 e    58    71    0    1343 
 e    58    72    0    2576 
 e    59    63    0    1050 
 e    59    71    0    1804 
 e    59    72    0    2529 
 e    60    61    0    10000 
 e    60    62    0    10000 
 e    60    73    0    405 
 e    61    62    0    10000 
 e    61    73    0    627 
 e    62    73    0    2957 
 e    63    64    0    1002 
 e    63    65    0    707 
 e    63    71    0    415 
 e    63    72    0    5523 
 e    64    65    0    10000 
 e    64    67    0    1434 
 e    64    71    0    1217 
 e    64    72    0    3354 
 e    64    74    0    980 
 e    65    67    0    2071 
 e    65    71    0    1099 
 e    65    72    0    4376 
 e    65    74    0    384 
 e    67    74    0    5 
 e    68    69    0    3286 
 e    68    70    0    2064 
 e    68    71    0    39 
 e    68    74    0    2026 
 e    69    70    0    1417 
 e    69    71    0    1053 
 e    69    74    0    2763 
 e    70    71    0    89 
 e    70    74    0    885 
 e    71    72    0    458 
