 p    band 88   3021 
 e    0    1    1    1  
 e    0    2    1    1  
 e    0    3    1    1  
 e    0    4    1    1  
 e    0    5    1    1  
 e    0    6    0    1  
 e    0    7    0    1  
 e    0    9    1    1  
 e    0    10    1    1  
 e    0    11    1    1  
 e    0    25    1    1  
 e    0    26    1    1  
 e    0    27    1    1  
 e    0    28    1    1  
 e    0    29    1    1  
 e    0    30    1    1  
 e    0    31    1    1  
 e    0    32    1    1  
 e    0    33    1    1  
 e    0    34    1    1  
 e    0    35    1    1  
 e    0    36    1    1  
 e    0    37    1    1  
 e    0    38    1    1  
 e    0    39    1    1  
 e    0    40    0    1  
 e    0    41    0    1  
 e    0    42    0    1  
 e    0    43    0    1  
 e    0    44    0    1  
 e    0    50    0    1  
 e    0    51    0    1  
 e    0    52    0    1  
 e    0    53    0    1  
 e    0    54    0    1  
 e    0    55    0    1  
 e    0    56    0    1  
 e    0    57    0    1  
 e    0    58    0    1  
 e    0    59    0    1  
 e    0    60    0    1  
 e    0    61    0    1  
 e    0    62    0    1  
 e    0    63    0    1  
 e    0    64    0    1  
 e    0    65    0    1  
 e    0    66    0    1  
 e    0    67    0    1  
 e    0    68    0    1  
 e    0    69    0    1  
 e    0    70    0    1  
 e    0    71    0    1  
 e    0    72    0    1  
 e    0    73    0    1  
 e    0    74    0    1  
 e    0    75    0    1  
 e    0    76    0    1  
 e    0    77    0    1  
 e    0    78    0    1  
 e    0    79    0    1  
 e    0    80    0    1  
 e    0    81    0    1  
 e    0    83    0    1  
 e    0    84    0    1  
 e    0    85    0    1  
 e    0    86    0    1  
 e    0    87    0    1  
 e    1    2    4    1  
 e    1    3    4    1  
 e    1    4    4    1  
 e    1    5    4    1  
 e    1    6    1    1  
 e    1    7    0    1  
 e    1    8    0    1  
 e    1    9    0    1  
 e    1    10    0    1  
 e    1    11    0    1  
 e    1    12    1    1  
 e    1    13    1    1  
 e    1    14    1    1  
 e    1    40    1    1  
 e    1    41    1    1  
 e    1    42    1    1  
 e    1    43    1    1  
 e    1    44    1    1  
 e    1    45    0    1  
 e    1    46    0    1  
 e    1    56    0    1  
 e    1    57    0    1  
 e    1    58    0    1  
 e    1    59    0    1  
 e    1    60    0    1  
 e    1    61    0    1  
 e    1    62    0    1  
 e    1    63    0    1  
 e    1    64    0    1  
 e    1    65    0    1  
 e    1    66    0    1  
 e    1    67    0    1  
 e    1    68    0    1  
 e    1    69    0    1  
 e    1    70    0    1  
 e    1    71    0    1  
 e    1    72    0    1  
 e    1    73    0    1  
 e    1    74    0    1  
 e    1    75    0    1  
 e    1    76    0    1  
 e    1    77    0    1  
 e    1    78    0    1  
 e    1    79    0    1  
 e    1    80    0    1  
 e    1    81    0    1  
 e    1    82    0    1  
 e    1    83    0    1  
 e    1    84    0    1  
 e    1    85    0    1  
 e    1    86    0    1  
 e    1    87    0    1  
 e    2    3    4    1  
 e    2    4    4    1  
 e    2    5    4    1  
 e    2    6    1    1  
 e    2    7    0    1  
 e    2    8    0    1  
 e    2    9    0    1  
 e    2    10    0    1  
 e    2    11    0    1  
 e    2    12    1    1  
 e    2    13    1    1  
 e    2    14    1    1  
 e    2    40    1    1  
 e    2    41    1    1  
 e    2    42    1    1  
 e    2    43    1    1  
 e    2    44    1    1  
 e    2    45    0    1  
 e    2    46    0    1  
 e    2    56    0    1  
 e    2    57    0    1  
 e    2    58    0    1  
 e    2    59    0    1  
 e    2    60    0    1  
 e    2    61    0    1  
 e    2    62    0    1  
 e    2    63    0    1  
 e    2    64    0    1  
 e    2    65    0    1  
 e    2    66    0    1  
 e    2    67    0    1  
 e    2    68    0    1  
 e    2    69    0    1  
 e    2    70    0    1  
 e    2    71    0    1  
 e    2    72    0    1  
 e    2    73    0    1  
 e    2    74    0    1  
 e    2    75    0    1  
 e    2    76    0    1  
 e    2    77    0    1  
 e    2    78    0    1  
 e    2    79    0    1  
 e    2    80    0    1  
 e    2    81    0    1  
 e    2    82    0    1  
 e    2    83    0    1  
 e    2    84    0    1  
 e    2    85    0    1  
 e    2    86    0    1  
 e    2    87    0    1  
 e    3    4    4    1  
 e    3    5    4    1  
 e    3    6    1    1  
 e    3    7    0    1  
 e    3    8    0    1  
 e    3    9    0    1  
 e    3    10    0    1  
 e    3    11    0    1  
 e    3    12    1    1  
 e    3    13    1    1  
 e    3    14    1    1  
 e    3    40    1    1  
 e    3    41    1    1  
 e    3    42    1    1  
 e    3    43    1    1  
 e    3    44    1    1  
 e    3    45    0    1  
 e    3    46    0    1  
 e    3    56    0    1  
 e    3    57    0    1  
 e    3    58    0    1  
 e    3    59    0    1  
 e    3    60    0    1  
 e    3    61    0    1  
 e    3    62    0    1  
 e    3    63    0    1  
 e    3    64    0    1  
 e    3    65    0    1  
 e    3    66    0    1  
 e    3    67    0    1  
 e    3    68    0    1  
 e    3    69    0    1  
 e    3    70    0    1  
 e    3    71    0    1  
 e    3    72    0    1  
 e    3    73    0    1  
 e    3    74    0    1  
 e    3    75    0    1  
 e    3    76    0    1  
 e    3    77    0    1  
 e    3    78    0    1  
 e    3    79    0    1  
 e    3    80    0    1  
 e    3    81    0    1  
 e    3    82    0    1  
 e    3    83    0    1  
 e    3    84    0    1  
 e    3    85    0    1  
 e    3    86    0    1  
 e    3    87    0    1  
 e    4    5    4    1  
 e    4    6    1    1  
 e    4    7    0    1  
 e    4    8    0    1  
 e    4    9    0    1  
 e    4    10    0    1  
 e    4    11    0    1  
 e    4    12    1    1  
 e    4    13    1    1  
 e    4    14    1    1  
 e    4    40    1    1  
 e    4    41    1    1  
 e    4    42    1    1  
 e    4    43    1    1  
 e    4    44    1    1  
 e    4    45    0    1  
 e    4    46    0    1  
 e    4    56    0    1  
 e    4    57    0    1  
 e    4    58    0    1  
 e    4    59    0    1  
 e    4    60    0    1  
 e    4    61    0    1  
 e    4    62    0    1  
 e    4    63    0    1  
 e    4    64    0    1  
 e    4    65    0    1  
 e    4    66    0    1  
 e    4    67    0    1  
 e    4    68    0    1  
 e    4    69    0    1  
 e    4    70    0    1  
 e    4    71    0    1  
 e    4    72    0    1  
 e    4    73    0    1  
 e    4    74    0    1  
 e    4    75    0    1  
 e    4    76    0    1  
 e    4    77    0    1  
 e    4    78    0    1  
 e    4    79    0    1  
 e    4    80    0    1  
 e    4    81    0    1  
 e    4    82    0    1  
 e    4    83    0    1  
 e    4    84    0    1  
 e    4    85    0    1  
 e    4    86    0    1  
 e    4    87    0    1  
 e    5    6    1    1  
 e    5    7    0    1  
 e    5    8    0    1  
 e    5    9    0    1  
 e    5    10    0    1  
 e    5    11    0    1  
 e    5    12    1    1  
 e    5    13    1    1  
 e    5    14    1    1  
 e    5    40    1    1  
 e    5    41    1    1  
 e    5    42    1    1  
 e    5    43    1    1  
 e    5    44    1    1  
 e    5    45    0    1  
 e    5    46    0    1  
 e    5    56    0    1  
 e    5    57    0    1  
 e    5    58    0    1  
 e    5    59    0    1  
 e    5    60    0    1  
 e    5    61    0    1  
 e    5    62    0    1  
 e    5    63    0    1  
 e    5    64    0    1  
 e    5    65    0    1  
 e    5    66    0    1  
 e    5    67    0    1  
 e    5    68    0    1  
 e    5    69    0    1  
 e    5    70    0    1  
 e    5    71    0    1  
 e    5    72    0    1  
 e    5    73    0    1  
 e    5    74    0    1  
 e    5    75    0    1  
 e    5    76    0    1  
 e    5    77    0    1  
 e    5    78    0    1  
 e    5    79    0    1  
 e    5    80    0    1  
 e    5    81    0    1  
 e    5    82    0    1  
 e    5    83    0    1  
 e    5    84    0    1  
 e    5    85    0    1  
 e    5    86    0    1  
 e    5    87    0    1  
 e    6    7    1    1  
 e    6    8    0    1  
 e    6    12    0    1  
 e    6    13    0    1  
 e    6    14    0    1  
 e    6    15    1    1  
 e    6    16    1    1  
 e    6    17    1    1  
 e    6    18    1    1  
 e    6    19    1    1  
 e    6    20    1    1  
 e    6    21    1    1  
 e    6    22    1    1  
 e    6    23    1    1  
 e    6    24    1    1  
 e    6    45    1    1  
 e    6    46    1    1  
 e    6    47    0    1  
 e    6    48    0    1  
 e    6    49    0    1  
 e    6    59    0    1  
 e    6    60    0    1  
 e    6    61    0    1  
 e    6    62    0    1  
 e    6    63    0    1  
 e    6    64    0    1  
 e    6    65    0    1  
 e    6    66    0    1  
 e    6    67    0    1  
 e    6    68    0    1  
 e    6    69    0    1  
 e    6    70    0    1  
 e    6    71    0    1  
 e    6    72    0    1  
 e    6    73    0    1  
 e    6    74    0    1  
 e    6    75    0    1  
 e    6    76    0    1  
 e    6    77    0    1  
 e    6    78    0    1  
 e    6    79    0    1  
 e    6    80    0    1  
 e    6    81    0    1  
 e    6    82    0    1  
 e    6    83    0    1  
 e    6    84    0    1  
 e    6    85    0    1  
 e    6    86    0    1  
 e    6    87    0    1  
 e    7    8    1    1  
 e    7    15    0    1  
 e    7    16    0    1  
 e    7    17    0    1  
 e    7    18    0    1  
 e    7    19    0    1  
 e    7    20    0    1  
 e    7    21    0    1  
 e    7    22    0    1  
 e    7    23    0    1  
 e    7    24    0    1  
 e    7    25    1    1  
 e    7    26    1    1  
 e    7    27    1    1  
 e    7    28    1    1  
 e    7    29    1    1  
 e    7    30    1    1  
 e    7    31    1    1  
 e    7    32    1    1  
 e    7    33    1    1  
 e    7    34    1    1  
 e    7    35    1    1  
 e    7    36    1    1  
 e    7    37    1    1  
 e    7    38    1    1  
 e    7    39    1    1  
 e    7    47    1    1  
 e    7    48    1    1  
 e    7    49    1    1  
 e    7    66    0    1  
 e    7    67    0    1  
 e    7    68    0    1  
 e    7    69    0    1  
 e    7    70    0    1  
 e    7    71    0    1  
 e    7    72    0    1  
 e    7    73    0    1  
 e    7    74    0    1  
 e    7    75    0    1  
 e    7    76    0    1  
 e    7    77    0    1  
 e    7    78    0    1  
 e    7    79    0    1  
 e    7    80    0    1  
 e    7    81    0    1  
 e    7    82    0    1  
 e    7    83    0    1  
 e    7    84    0    1  
 e    7    85    0    1  
 e    7    86    0    1  
 e    7    87    0    1  
 e    8    25    0    1  
 e    8    26    0    1  
 e    8    27    0    1  
 e    8    28    0    1  
 e    8    29    0    1  
 e    8    30    0    1  
 e    8    31    0    1  
 e    8    32    0    1  
 e    8    33    0    1  
 e    8    34    0    1  
 e    8    35    0    1  
 e    8    36    0    1  
 e    8    37    0    1  
 e    8    38    0    1  
 e    8    39    0    1  
 e    8    40    1    1  
 e    8    41    1    1  
 e    8    42    1    1  
 e    8    43    1    1  
 e    8    44    1    1  
 e    8    77    0    1  
 e    8    78    0    1  
 e    8    79    0    1  
 e    8    80    0    1  
 e    8    81    0    1  
 e    8    82    0    1  
 e    8    85    0    1  
 e    8    86    0    1  
 e    8    87    0    1  
 e    9    10    4    1  
 e    9    11    4    1  
 e    9    12    1    1  
 e    9    13    1    1  
 e    9    14    1    1  
 e    9    15    0    1  
 e    9    16    0    1  
 e    9    17    0    1  
 e    9    18    0    1  
 e    9    19    0    1  
 e    9    20    0    1  
 e    9    21    0    1  
 e    9    22    0    1  
 e    9    23    0    1  
 e    9    24    0    1  
 e    9    25    0    1  
 e    9    26    0    1  
 e    9    27    0    1  
 e    9    28    0    1  
 e    9    29    0    1  
 e    9    30    0    1  
 e    9    31    0    1  
 e    9    32    0    1  
 e    9    33    0    1  
 e    9    34    0    1  
 e    9    35    0    1  
 e    9    36    0    1  
 e    9    37    0    1  
 e    9    38    0    1  
 e    9    39    0    1  
 e    9    50    0    1  
 e    9    51    0    1  
 e    9    52    0    1  
 e    9    53    0    1  
 e    9    54    0    1  
 e    9    55    0    1  
 e    9    56    0    1  
 e    9    57    0    1  
 e    9    58    0    1  
 e    9    59    0    1  
 e    9    60    0    1  
 e    9    61    0    1  
 e    9    62    0    1  
 e    9    63    0    1  
 e    9    64    0    1  
 e    9    65    0    1  
 e    9    66    0    1  
 e    9    67    0    1  
 e    9    68    0    1  
 e    9    69    0    1  
 e    9    70    0    1  
 e    9    71    0    1  
 e    9    72    0    1  
 e    9    73    0    1  
 e    9    74    0    1  
 e    9    75    0    1  
 e    9    76    0    1  
 e    9    83    0    1  
 e    9    84    0    1  
 e    10    11    4    1  
 e    10    12    1    1  
 e    10    13    1    1  
 e    10    14    1    1  
 e    10    15    0    1  
 e    10    16    0    1  
 e    10    17    0    1  
 e    10    18    0    1  
 e    10    19    0    1  
 e    10    20    0    1  
 e    10    21    0    1  
 e    10    22    0    1  
 e    10    23    0    1  
 e    10    24    0    1  
 e    10    25    0    1  
 e    10    26    0    1  
 e    10    27    0    1  
 e    10    28    0    1  
 e    10    29    0    1  
 e    10    30    0    1  
 e    10    31    0    1  
 e    10    32    0    1  
 e    10    33    0    1  
 e    10    34    0    1  
 e    10    35    0    1  
 e    10    36    0    1  
 e    10    37    0    1  
 e    10    38    0    1  
 e    10    39    0    1  
 e    10    50    0    1  
 e    10    51    0    1  
 e    10    52    0    1  
 e    10    53    0    1  
 e    10    54    0    1  
 e    10    55    0    1  
 e    10    56    0    1  
 e    10    57    0    1  
 e    10    58    0    1  
 e    10    59    0    1  
 e    10    60    0    1  
 e    10    61    0    1  
 e    10    62    0    1  
 e    10    63    0    1  
 e    10    64    0    1  
 e    10    65    0    1  
 e    10    66    0    1  
 e    10    67    0    1  
 e    10    68    0    1  
 e    10    69    0    1  
 e    10    70    0    1  
 e    10    71    0    1  
 e    10    72    0    1  
 e    10    73    0    1  
 e    10    74    0    1  
 e    10    75    0    1  
 e    10    76    0    1  
 e    10    83    0    1  
 e    10    84    0    1  
 e    11    12    1    1  
 e    11    13    1    1  
 e    11    14    1    1  
 e    11    15    0    1  
 e    11    16    0    1  
 e    11    17    0    1  
 e    11    18    0    1  
 e    11    19    0    1  
 e    11    20    0    1  
 e    11    21    0    1  
 e    11    22    0    1  
 e    11    23    0    1  
 e    11    24    0    1  
 e    11    25    0    1  
 e    11    26    0    1  
 e    11    27    0    1  
 e    11    28    0    1  
 e    11    29    0    1  
 e    11    30    0    1  
 e    11    31    0    1  
 e    11    32    0    1  
 e    11    33    0    1  
 e    11    34    0    1  
 e    11    35    0    1  
 e    11    36    0    1  
 e    11    37    0    1  
 e    11    38    0    1  
 e    11    39    0    1  
 e    11    50    0    1  
 e    11    51    0    1  
 e    11    52    0    1  
 e    11    53    0    1  
 e    11    54    0    1  
 e    11    55    0    1  
 e    11    56    0    1  
 e    11    57    0    1  
 e    11    58    0    1  
 e    11    59    0    1  
 e    11    60    0    1  
 e    11    61    0    1  
 e    11    62    0    1  
 e    11    63    0    1  
 e    11    64    0    1  
 e    11    65    0    1  
 e    11    66    0    1  
 e    11    67    0    1  
 e    11    68    0    1  
 e    11    69    0    1  
 e    11    70    0    1  
 e    11    71    0    1  
 e    11    72    0    1  
 e    11    73    0    1  
 e    11    74    0    1  
 e    11    75    0    1  
 e    11    76    0    1  
 e    11    83    0    1  
 e    11    84    0    1  
 e    12    13    4    1  
 e    12    14    4    1  
 e    12    15    1    1  
 e    12    16    1    1  
 e    12    17    1    1  
 e    12    18    1    1  
 e    12    19    1    1  
 e    12    20    1    1  
 e    12    21    1    1  
 e    12    22    1    1  
 e    12    23    1    1  
 e    12    24    1    1  
 e    12    25    0    1  
 e    12    26    0    1  
 e    12    27    0    1  
 e    12    28    0    1  
 e    12    29    0    1  
 e    12    30    0    1  
 e    12    31    0    1  
 e    12    32    0    1  
 e    12    33    0    1  
 e    12    34    0    1  
 e    12    35    0    1  
 e    12    36    0    1  
 e    12    37    0    1  
 e    12    38    0    1  
 e    12    39    0    1  
 e    12    40    0    1  
 e    12    41    0    1  
 e    12    42    0    1  
 e    12    43    0    1  
 e    12    44    0    1  
 e    12    50    0    1  
 e    12    51    0    1  
 e    12    52    0    1  
 e    12    53    0    1  
 e    12    54    0    1  
 e    12    55    0    1  
 e    12    56    0    1  
 e    12    57    0    1  
 e    12    58    0    1  
 e    12    59    0    1  
 e    12    60    0    1  
 e    12    61    0    1  
 e    12    62    0    1  
 e    12    63    0    1  
 e    12    64    0    1  
 e    12    65    0    1  
 e    12    66    0    1  
 e    12    67    0    1  
 e    12    68    0    1  
 e    12    69    0    1  
 e    12    70    0    1  
 e    12    71    0    1  
 e    12    72    0    1  
 e    12    73    0    1  
 e    12    74    0    1  
 e    12    75    0    1  
 e    12    76    0    1  
 e    12    77    0    1  
 e    12    78    0    1  
 e    12    79    0    1  
 e    12    80    0    1  
 e    12    81    0    1  
 e    12    83    0    1  
 e    12    84    0    1  
 e    12    85    0    1  
 e    12    86    0    1  
 e    13    14    4    1  
 e    13    15    1    1  
 e    13    16    1    1  
 e    13    17    1    1  
 e    13    18    1    1  
 e    13    19    1    1  
 e    13    20    1    1  
 e    13    21    1    1  
 e    13    22    1    1  
 e    13    23    1    1  
 e    13    24    1    1  
 e    13    25    0    1  
 e    13    26    0    1  
 e    13    27    0    1  
 e    13    28    0    1  
 e    13    29    0    1  
 e    13    30    0    1  
 e    13    31    0    1  
 e    13    32    0    1  
 e    13    33    0    1  
 e    13    34    0    1  
 e    13    35    0    1  
 e    13    36    0    1  
 e    13    37    0    1  
 e    13    38    0    1  
 e    13    39    0    1  
 e    13    40    0    1  
 e    13    41    0    1  
 e    13    42    0    1  
 e    13    43    0    1  
 e    13    44    0    1  
 e    13    50    0    1  
 e    13    51    0    1  
 e    13    52    0    1  
 e    13    53    0    1  
 e    13    54    0    1  
 e    13    55    0    1  
 e    13    56    0    1  
 e    13    57    0    1  
 e    13    58    0    1  
 e    13    59    0    1  
 e    13    60    0    1  
 e    13    61    0    1  
 e    13    62    0    1  
 e    13    63    0    1  
 e    13    64    0    1  
 e    13    65    0    1  
 e    13    66    0    1  
 e    13    67    0    1  
 e    13    68    0    1  
 e    13    69    0    1  
 e    13    70    0    1  
 e    13    71    0    1  
 e    13    72    0    1  
 e    13    73    0    1  
 e    13    74    0    1  
 e    13    75    0    1  
 e    13    76    0    1  
 e    13    77    0    1  
 e    13    78    0    1  
 e    13    79    0    1  
 e    13    80    0    1  
 e    13    81    0    1  
 e    13    83    0    1  
 e    13    84    0    1  
 e    13    85    0    1  
 e    13    86    0    1  
 e    14    15    1    1  
 e    14    16    1    1  
 e    14    17    1    1  
 e    14    18    1    1  
 e    14    19    1    1  
 e    14    20    1    1  
 e    14    21    1    1  
 e    14    22    1    1  
 e    14    23    1    1  
 e    14    24    1    1  
 e    14    25    0    1  
 e    14    26    0    1  
 e    14    27    0    1  
 e    14    28    0    1  
 e    14    29    0    1  
 e    14    30    0    1  
 e    14    31    0    1  
 e    14    32    0    1  
 e    14    33    0    1  
 e    14    34    0    1  
 e    14    35    0    1  
 e    14    36    0    1  
 e    14    37    0    1  
 e    14    38    0    1  
 e    14    39    0    1  
 e    14    40    0    1  
 e    14    41    0    1  
 e    14    42    0    1  
 e    14    43    0    1  
 e    14    44    0    1  
 e    14    50    0    1  
 e    14    51    0    1  
 e    14    52    0    1  
 e    14    53    0    1  
 e    14    54    0    1  
 e    14    55    0    1  
 e    14    56    0    1  
 e    14    57    0    1  
 e    14    58    0    1  
 e    14    59    0    1  
 e    14    60    0    1  
 e    14    61    0    1  
 e    14    62    0    1  
 e    14    63    0    1  
 e    14    64    0    1  
 e    14    65    0    1  
 e    14    66    0    1  
 e    14    67    0    1  
 e    14    68    0    1  
 e    14    69    0    1  
 e    14    70    0    1  
 e    14    71    0    1  
 e    14    72    0    1  
 e    14    73    0    1  
 e    14    74    0    1  
 e    14    75    0    1  
 e    14    76    0    1  
 e    14    77    0    1  
 e    14    78    0    1  
 e    14    79    0    1  
 e    14    80    0    1  
 e    14    81    0    1  
 e    14    83    0    1  
 e    14    84    0    1  
 e    14    85    0    1  
 e    14    86    0    1  
 e    15    16    4    1  
 e    15    17    4    1  
 e    15    18    4    1  
 e    15    19    4    1  
 e    15    20    4    1  
 e    15    21    4    1  
 e    15    22    4    1  
 e    15    23    4    1  
 e    15    24    4    1  
 e    15    25    1    1  
 e    15    26    1    1  
 e    15    27    1    1  
 e    15    28    1    1  
 e    15    29    1    1  
 e    15    30    1    1  
 e    15    31    1    1  
 e    15    32    1    1  
 e    15    33    1    1  
 e    15    34    1    1  
 e    15    35    1    1  
 e    15    36    1    1  
 e    15    37    1    1  
 e    15    38    1    1  
 e    15    39    1    1  
 e    15    40    0    1  
 e    15    41    0    1  
 e    15    42    0    1  
 e    15    43    0    1  
 e    15    44    0    1  
 e    15    45    0    1  
 e    15    46    0    1  
 e    15    50    0    1  
 e    15    51    0    1  
 e    15    52    0    1  
 e    15    53    0    1  
 e    15    54    0    1  
 e    15    55    0    1  
 e    15    56    0    1  
 e    15    57    0    1  
 e    15    58    0    1  
 e    15    59    0    1  
 e    15    60    0    1  
 e    15    61    0    1  
 e    15    62    0    1  
 e    15    63    0    1  
 e    15    64    0    1  
 e    15    65    0    1  
 e    15    66    0    1  
 e    15    67    0    1  
 e    15    68    0    1  
 e    15    69    0    1  
 e    15    70    0    1  
 e    15    71    0    1  
 e    15    72    0    1  
 e    15    73    0    1  
 e    15    74    0    1  
 e    15    75    0    1  
 e    15    76    0    1  
 e    15    77    0    1  
 e    15    78    0    1  
 e    15    79    0    1  
 e    15    80    0    1  
 e    15    81    0    1  
 e    15    82    0    1  
 e    15    83    0    1  
 e    15    84    0    1  
 e    15    85    0    1  
 e    15    86    0    1  
 e    15    87    0    1  
 e    16    17    4    1  
 e    16    18    4    1  
 e    16    19    4    1  
 e    16    20    4    1  
 e    16    21    4    1  
 e    16    22    4    1  
 e    16    23    4    1  
 e    16    24    4    1  
 e    16    25    1    1  
 e    16    26    1    1  
 e    16    27    1    1  
 e    16    28    1    1  
 e    16    29    1    1  
 e    16    30    1    1  
 e    16    31    1    1  
 e    16    32    1    1  
 e    16    33    1    1  
 e    16    34    1    1  
 e    16    35    1    1  
 e    16    36    1    1  
 e    16    37    1    1  
 e    16    38    1    1  
 e    16    39    1    1  
 e    16    40    0    1  
 e    16    41    0    1  
 e    16    42    0    1  
 e    16    43    0    1  
 e    16    44    0    1  
 e    16    45    0    1  
 e    16    46    0    1  
 e    16    50    0    1  
 e    16    51    0    1  
 e    16    52    0    1  
 e    16    53    0    1  
 e    16    54    0    1  
 e    16    55    0    1  
 e    16    56    0    1  
 e    16    57    0    1  
 e    16    58    0    1  
 e    16    59    0    1  
 e    16    60    0    1  
 e    16    61    0    1  
 e    16    62    0    1  
 e    16    63    0    1  
 e    16    64    0    1  
 e    16    65    0    1  
 e    16    66    0    1  
 e    16    67    0    1  
 e    16    68    0    1  
 e    16    69    0    1  
 e    16    70    0    1  
 e    16    71    0    1  
 e    16    72    0    1  
 e    16    73    0    1  
 e    16    74    0    1  
 e    16    75    0    1  
 e    16    76    0    1  
 e    16    77    0    1  
 e    16    78    0    1  
 e    16    79    0    1  
 e    16    80    0    1  
 e    16    81    0    1  
 e    16    82    0    1  
 e    16    83    0    1  
 e    16    84    0    1  
 e    16    85    0    1  
 e    16    86    0    1  
 e    16    87    0    1  
 e    17    18    4    1  
 e    17    19    4    1  
 e    17    20    4    1  
 e    17    21    4    1  
 e    17    22    4    1  
 e    17    23    4    1  
 e    17    24    4    1  
 e    17    25    1    1  
 e    17    26    1    1  
 e    17    27    1    1  
 e    17    28    1    1  
 e    17    29    1    1  
 e    17    30    1    1  
 e    17    31    1    1  
 e    17    32    1    1  
 e    17    33    1    1  
 e    17    34    1    1  
 e    17    35    1    1  
 e    17    36    1    1  
 e    17    37    1    1  
 e    17    38    1    1  
 e    17    39    1    1  
 e    17    40    0    1  
 e    17    41    0    1  
 e    17    42    0    1  
 e    17    43    0    1  
 e    17    44    0    1  
 e    17    45    0    1  
 e    17    46    0    1  
 e    17    50    0    1  
 e    17    51    0    1  
 e    17    52    0    1  
 e    17    53    0    1  
 e    17    54    0    1  
 e    17    55    0    1  
 e    17    56    0    1  
 e    17    57    0    1  
 e    17    58    0    1  
 e    17    59    0    1  
 e    17    60    0    1  
 e    17    61    0    1  
 e    17    62    0    1  
 e    17    63    0    1  
 e    17    64    0    1  
 e    17    65    0    1  
 e    17    66    0    1  
 e    17    67    0    1  
 e    17    68    0    1  
 e    17    69    0    1  
 e    17    70    0    1  
 e    17    71    0    1  
 e    17    72    0    1  
 e    17    73    0    1  
 e    17    74    0    1  
 e    17    75    0    1  
 e    17    76    0    1  
 e    17    77    0    1  
 e    17    78    0    1  
 e    17    79    0    1  
 e    17    80    0    1  
 e    17    81    0    1  
 e    17    82    0    1  
 e    17    83    0    1  
 e    17    84    0    1  
 e    17    85    0    1  
 e    17    86    0    1  
 e    17    87    0    1  
 e    18    19    4    1  
 e    18    20    4    1  
 e    18    21    4    1  
 e    18    22    4    1  
 e    18    23    4    1  
 e    18    24    4    1  
 e    18    25    1    1  
 e    18    26    1    1  
 e    18    27    1    1  
 e    18    28    1    1  
 e    18    29    1    1  
 e    18    30    1    1  
 e    18    31    1    1  
 e    18    32    1    1  
 e    18    33    1    1  
 e    18    34    1    1  
 e    18    35    1    1  
 e    18    36    1    1  
 e    18    37    1    1  
 e    18    38    1    1  
 e    18    39    1    1  
 e    18    40    0    1  
 e    18    41    0    1  
 e    18    42    0    1  
 e    18    43    0    1  
 e    18    44    0    1  
 e    18    45    0    1  
 e    18    46    0    1  
 e    18    50    0    1  
 e    18    51    0    1  
 e    18    52    0    1  
 e    18    53    0    1  
 e    18    54    0    1  
 e    18    55    0    1  
 e    18    56    0    1  
 e    18    57    0    1  
 e    18    58    0    1  
 e    18    59    0    1  
 e    18    60    0    1  
 e    18    61    0    1  
 e    18    62    0    1  
 e    18    63    0    1  
 e    18    64    0    1  
 e    18    65    0    1  
 e    18    66    0    1  
 e    18    67    0    1  
 e    18    68    0    1  
 e    18    69    0    1  
 e    18    70    0    1  
 e    18    71    0    1  
 e    18    72    0    1  
 e    18    73    0    1  
 e    18    74    0    1  
 e    18    75    0    1  
 e    18    76    0    1  
 e    18    77    0    1  
 e    18    78    0    1  
 e    18    79    0    1  
 e    18    80    0    1  
 e    18    81    0    1  
 e    18    82    0    1  
 e    18    83    0    1  
 e    18    84    0    1  
 e    18    85    0    1  
 e    18    86    0    1  
 e    18    87    0    1  
 e    19    20    4    1  
 e    19    21    4    1  
 e    19    22    4    1  
 e    19    23    4    1  
 e    19    24    4    1  
 e    19    25    1    1  
 e    19    26    1    1  
 e    19    27    1    1  
 e    19    28    1    1  
 e    19    29    1    1  
 e    19    30    1    1  
 e    19    31    1    1  
 e    19    32    1    1  
 e    19    33    1    1  
 e    19    34    1    1  
 e    19    35    1    1  
 e    19    36    1    1  
 e    19    37    1    1  
 e    19    38    1    1  
 e    19    39    1    1  
 e    19    40    0    1  
 e    19    41    0    1  
 e    19    42    0    1  
 e    19    43    0    1  
 e    19    44    0    1  
 e    19    45    0    1  
 e    19    46    0    1  
 e    19    50    0    1  
 e    19    51    0    1  
 e    19    52    0    1  
 e    19    53    0    1  
 e    19    54    0    1  
 e    19    55    0    1  
 e    19    56    0    1  
 e    19    57    0    1  
 e    19    58    0    1  
 e    19    59    0    1  
 e    19    60    0    1  
 e    19    61    0    1  
 e    19    62    0    1  
 e    19    63    0    1  
 e    19    64    0    1  
 e    19    65    0    1  
 e    19    66    0    1  
 e    19    67    0    1  
 e    19    68    0    1  
 e    19    69    0    1  
 e    19    70    0    1  
 e    19    71    0    1  
 e    19    72    0    1  
 e    19    73    0    1  
 e    19    74    0    1  
 e    19    75    0    1  
 e    19    76    0    1  
 e    19    77    0    1  
 e    19    78    0    1  
 e    19    79    0    1  
 e    19    80    0    1  
 e    19    81    0    1  
 e    19    82    0    1  
 e    19    83    0    1  
 e    19    84    0    1  
 e    19    85    0    1  
 e    19    86    0    1  
 e    19    87    0    1  
 e    20    21    4    1  
 e    20    22    4    1  
 e    20    23    4    1  
 e    20    24    4    1  
 e    20    25    1    1  
 e    20    26    1    1  
 e    20    27    1    1  
 e    20    28    1    1  
 e    20    29    1    1  
 e    20    30    1    1  
 e    20    31    1    1  
 e    20    32    1    1  
 e    20    33    1    1  
 e    20    34    1    1  
 e    20    35    1    1  
 e    20    36    1    1  
 e    20    37    1    1  
 e    20    38    1    1  
 e    20    39    1    1  
 e    20    40    0    1  
 e    20    41    0    1  
 e    20    42    0    1  
 e    20    43    0    1  
 e    20    44    0    1  
 e    20    45    0    1  
 e    20    46    0    1  
 e    20    50    0    1  
 e    20    51    0    1  
 e    20    52    0    1  
 e    20    53    0    1  
 e    20    54    0    1  
 e    20    55    0    1  
 e    20    56    0    1  
 e    20    57    0    1  
 e    20    58    0    1  
 e    20    59    0    1  
 e    20    60    0    1  
 e    20    61    0    1  
 e    20    62    0    1  
 e    20    63    0    1  
 e    20    64    0    1  
 e    20    65    0    1  
 e    20    66    0    1  
 e    20    67    0    1  
 e    20    68    0    1  
 e    20    69    0    1  
 e    20    70    0    1  
 e    20    71    0    1  
 e    20    72    0    1  
 e    20    73    0    1  
 e    20    74    0    1  
 e    20    75    0    1  
 e    20    76    0    1  
 e    20    77    0    1  
 e    20    78    0    1  
 e    20    79    0    1  
 e    20    80    0    1  
 e    20    81    0    1  
 e    20    82    0    1  
 e    20    83    0    1  
 e    20    84    0    1  
 e    20    85    0    1  
 e    20    86    0    1  
 e    20    87    0    1  
 e    21    22    4    1  
 e    21    23    4    1  
 e    21    24    4    1  
 e    21    25    1    1  
 e    21    26    1    1  
 e    21    27    1    1  
 e    21    28    1    1  
 e    21    29    1    1  
 e    21    30    1    1  
 e    21    31    1    1  
 e    21    32    1    1  
 e    21    33    1    1  
 e    21    34    1    1  
 e    21    35    1    1  
 e    21    36    1    1  
 e    21    37    1    1  
 e    21    38    1    1  
 e    21    39    1    1  
 e    21    40    0    1  
 e    21    41    0    1  
 e    21    42    0    1  
 e    21    43    0    1  
 e    21    44    0    1  
 e    21    45    0    1  
 e    21    46    0    1  
 e    21    50    0    1  
 e    21    51    0    1  
 e    21    52    0    1  
 e    21    53    0    1  
 e    21    54    0    1  
 e    21    55    0    1  
 e    21    56    0    1  
 e    21    57    0    1  
 e    21    58    0    1  
 e    21    59    0    1  
 e    21    60    0    1  
 e    21    61    0    1  
 e    21    62    0    1  
 e    21    63    0    1  
 e    21    64    0    1  
 e    21    65    0    1  
 e    21    66    0    1  
 e    21    67    0    1  
 e    21    68    0    1  
 e    21    69    0    1  
 e    21    70    0    1  
 e    21    71    0    1  
 e    21    72    0    1  
 e    21    73    0    1  
 e    21    74    0    1  
 e    21    75    0    1  
 e    21    76    0    1  
 e    21    77    0    1  
 e    21    78    0    1  
 e    21    79    0    1  
 e    21    80    0    1  
 e    21    81    0    1  
 e    21    82    0    1  
 e    21    83    0    1  
 e    21    84    0    1  
 e    21    85    0    1  
 e    21    86    0    1  
 e    21    87    0    1  
 e    22    23    4    1  
 e    22    24    4    1  
 e    22    25    1    1  
 e    22    26    1    1  
 e    22    27    1    1  
 e    22    28    1    1  
 e    22    29    1    1  
 e    22    30    1    1  
 e    22    31    1    1  
 e    22    32    1    1  
 e    22    33    1    1  
 e    22    34    1    1  
 e    22    35    1    1  
 e    22    36    1    1  
 e    22    37    1    1  
 e    22    38    1    1  
 e    22    39    1    1  
 e    22    40    0    1  
 e    22    41    0    1  
 e    22    42    0    1  
 e    22    43    0    1  
 e    22    44    0    1  
 e    22    45    0    1  
 e    22    46    0    1  
 e    22    50    0    1  
 e    22    51    0    1  
 e    22    52    0    1  
 e    22    53    0    1  
 e    22    54    0    1  
 e    22    55    0    1  
 e    22    56    0    1  
 e    22    57    0    1  
 e    22    58    0    1  
 e    22    59    0    1  
 e    22    60    0    1  
 e    22    61    0    1  
 e    22    62    0    1  
 e    22    63    0    1  
 e    22    64    0    1  
 e    22    65    0    1  
 e    22    66    0    1  
 e    22    67    0    1  
 e    22    68    0    1  
 e    22    69    0    1  
 e    22    70    0    1  
 e    22    71    0    1  
 e    22    72    0    1  
 e    22    73    0    1  
 e    22    74    0    1  
 e    22    75    0    1  
 e    22    76    0    1  
 e    22    77    0    1  
 e    22    78    0    1  
 e    22    79    0    1  
 e    22    80    0    1  
 e    22    81    0    1  
 e    22    82    0    1  
 e    22    83    0    1  
 e    22    84    0    1  
 e    22    85    0    1  
 e    22    86    0    1  
 e    22    87    0    1  
 e    23    24    4    1  
 e    23    25    1    1  
 e    23    26    1    1  
 e    23    27    1    1  
 e    23    28    1    1  
 e    23    29    1    1  
 e    23    30    1    1  
 e    23    31    1    1  
 e    23    32    1    1  
 e    23    33    1    1  
 e    23    34    1    1  
 e    23    35    1    1  
 e    23    36    1    1  
 e    23    37    1    1  
 e    23    38    1    1  
 e    23    39    1    1  
 e    23    40    0    1  
 e    23    41    0    1  
 e    23    42    0    1  
 e    23    43    0    1  
 e    23    44    0    1  
 e    23    45    0    1  
 e    23    46    0    1  
 e    23    50    0    1  
 e    23    51    0    1  
 e    23    52    0    1  
 e    23    53    0    1  
 e    23    54    0    1  
 e    23    55    0    1  
 e    23    56    0    1  
 e    23    57    0    1  
 e    23    58    0    1  
 e    23    59    0    1  
 e    23    60    0    1  
 e    23    61    0    1  
 e    23    62    0    1  
 e    23    63    0    1  
 e    23    64    0    1  
 e    23    65    0    1  
 e    23    66    0    1  
 e    23    67    0    1  
 e    23    68    0    1  
 e    23    69    0    1  
 e    23    70    0    1  
 e    23    71    0    1  
 e    23    72    0    1  
 e    23    73    0    1  
 e    23    74    0    1  
 e    23    75    0    1  
 e    23    76    0    1  
 e    23    77    0    1  
 e    23    78    0    1  
 e    23    79    0    1  
 e    23    80    0    1  
 e    23    81    0    1  
 e    23    82    0    1  
 e    23    83    0    1  
 e    23    84    0    1  
 e    23    85    0    1  
 e    23    86    0    1  
 e    23    87    0    1  
 e    24    25    1    1  
 e    24    26    1    1  
 e    24    27    1    1  
 e    24    28    1    1  
 e    24    29    1    1  
 e    24    30    1    1  
 e    24    31    1    1  
 e    24    32    1    1  
 e    24    33    1    1  
 e    24    34    1    1  
 e    24    35    1    1  
 e    24    36    1    1  
 e    24    37    1    1  
 e    24    38    1    1  
 e    24    39    1    1  
 e    24    40    0    1  
 e    24    41    0    1  
 e    24    42    0    1  
 e    24    43    0    1  
 e    24    44    0    1  
 e    24    45    0    1  
 e    24    46    0    1  
 e    24    50    0    1  
 e    24    51    0    1  
 e    24    52    0    1  
 e    24    53    0    1  
 e    24    54    0    1  
 e    24    55    0    1  
 e    24    56    0    1  
 e    24    57    0    1  
 e    24    58    0    1  
 e    24    59    0    1  
 e    24    60    0    1  
 e    24    61    0    1  
 e    24    62    0    1  
 e    24    63    0    1  
 e    24    64    0    1  
 e    24    65    0    1  
 e    24    66    0    1  
 e    24    67    0    1  
 e    24    68    0    1  
 e    24    69    0    1  
 e    24    70    0    1  
 e    24    71    0    1  
 e    24    72    0    1  
 e    24    73    0    1  
 e    24    74    0    1  
 e    24    75    0    1  
 e    24    76    0    1  
 e    24    77    0    1  
 e    24    78    0    1  
 e    24    79    0    1  
 e    24    80    0    1  
 e    24    81    0    1  
 e    24    82    0    1  
 e    24    83    0    1  
 e    24    84    0    1  
 e    24    85    0    1  
 e    24    86    0    1  
 e    24    87    0    1  
 e    25    26    4    1  
 e    25    27    4    1  
 e    25    28    4    1  
 e    25    29    4    1  
 e    25    30    4    1  
 e    25    31    4    1  
 e    25    32    4    1  
 e    25    33    4    1  
 e    25    34    4    1  
 e    25    35    4    1  
 e    25    36    4    1  
 e    25    37    4    1  
 e    25    38    4    1  
 e    25    39    4    1  
 e    25    40    1    1  
 e    25    41    1    1  
 e    25    42    1    1  
 e    25    43    1    1  
 e    25    44    1    1  
 e    25    45    0    1  
 e    25    46    0    1  
 e    25    47    0    1  
 e    25    48    0    1  
 e    25    49    0    1  
 e    25    56    0    1  
 e    25    57    0    1  
 e    25    58    0    1  
 e    25    59    0    1  
 e    25    60    0    1  
 e    25    61    0    1  
 e    25    62    0    1  
 e    25    63    0    1  
 e    25    64    0    1  
 e    25    65    0    1  
 e    25    66    0    1  
 e    25    67    0    1  
 e    25    68    0    1  
 e    25    69    0    1  
 e    25    70    0    1  
 e    25    71    0    1  
 e    25    72    0    1  
 e    25    73    0    1  
 e    25    74    0    1  
 e    25    75    0    1  
 e    25    76    0    1  
 e    25    77    0    1  
 e    25    78    0    1  
 e    25    79    0    1  
 e    25    80    0    1  
 e    25    81    0    1  
 e    25    82    0    1  
 e    25    83    0    1  
 e    25    84    0    1  
 e    25    85    0    1  
 e    25    86    0    1  
 e    25    87    0    1  
 e    26    27    4    1  
 e    26    28    4    1  
 e    26    29    4    1  
 e    26    30    4    1  
 e    26    31    4    1  
 e    26    32    4    1  
 e    26    33    4    1  
 e    26    34    4    1  
 e    26    35    4    1  
 e    26    36    4    1  
 e    26    37    4    1  
 e    26    38    4    1  
 e    26    39    4    1  
 e    26    40    1    1  
 e    26    41    1    1  
 e    26    42    1    1  
 e    26    43    1    1  
 e    26    44    1    1  
 e    26    45    0    1  
 e    26    46    0    1  
 e    26    47    0    1  
 e    26    48    0    1  
 e    26    49    0    1  
 e    26    56    0    1  
 e    26    57    0    1  
 e    26    58    0    1  
 e    26    59    0    1  
 e    26    60    0    1  
 e    26    61    0    1  
 e    26    62    0    1  
 e    26    63    0    1  
 e    26    64    0    1  
 e    26    65    0    1  
 e    26    66    0    1  
 e    26    67    0    1  
 e    26    68    0    1  
 e    26    69    0    1  
 e    26    70    0    1  
 e    26    71    0    1  
 e    26    72    0    1  
 e    26    73    0    1  
 e    26    74    0    1  
 e    26    75    0    1  
 e    26    76    0    1  
 e    26    77    0    1  
 e    26    78    0    1  
 e    26    79    0    1  
 e    26    80    0    1  
 e    26    81    0    1  
 e    26    82    0    1  
 e    26    83    0    1  
 e    26    84    0    1  
 e    26    85    0    1  
 e    26    86    0    1  
 e    26    87    0    1  
 e    27    28    4    1  
 e    27    29    4    1  
 e    27    30    4    1  
 e    27    31    4    1  
 e    27    32    4    1  
 e    27    33    4    1  
 e    27    34    4    1  
 e    27    35    4    1  
 e    27    36    4    1  
 e    27    37    4    1  
 e    27    38    4    1  
 e    27    39    4    1  
 e    27    40    1    1  
 e    27    41    1    1  
 e    27    42    1    1  
 e    27    43    1    1  
 e    27    44    1    1  
 e    27    45    0    1  
 e    27    46    0    1  
 e    27    47    0    1  
 e    27    48    0    1  
 e    27    49    0    1  
 e    27    56    0    1  
 e    27    57    0    1  
 e    27    58    0    1  
 e    27    59    0    1  
 e    27    60    0    1  
 e    27    61    0    1  
 e    27    62    0    1  
 e    27    63    0    1  
 e    27    64    0    1  
 e    27    65    0    1  
 e    27    66    0    1  
 e    27    67    0    1  
 e    27    68    0    1  
 e    27    69    0    1  
 e    27    70    0    1  
 e    27    71    0    1  
 e    27    72    0    1  
 e    27    73    0    1  
 e    27    74    0    1  
 e    27    75    0    1  
 e    27    76    0    1  
 e    27    77    0    1  
 e    27    78    0    1  
 e    27    79    0    1  
 e    27    80    0    1  
 e    27    81    0    1  
 e    27    82    0    1  
 e    27    83    0    1  
 e    27    84    0    1  
 e    27    85    0    1  
 e    27    86    0    1  
 e    27    87    0    1  
 e    28    29    4    1  
 e    28    30    4    1  
 e    28    31    4    1  
 e    28    32    4    1  
 e    28    33    4    1  
 e    28    34    4    1  
 e    28    35    4    1  
 e    28    36    4    1  
 e    28    37    4    1  
 e    28    38    4    1  
 e    28    39    4    1  
 e    28    40    1    1  
 e    28    41    1    1  
 e    28    42    1    1  
 e    28    43    1    1  
 e    28    44    1    1  
 e    28    45    0    1  
 e    28    46    0    1  
 e    28    47    0    1  
 e    28    48    0    1  
 e    28    49    0    1  
 e    28    56    0    1  
 e    28    57    0    1  
 e    28    58    0    1  
 e    28    59    0    1  
 e    28    60    0    1  
 e    28    61    0    1  
 e    28    62    0    1  
 e    28    63    0    1  
 e    28    64    0    1  
 e    28    65    0    1  
 e    28    66    0    1  
 e    28    67    0    1  
 e    28    68    0    1  
 e    28    69    0    1  
 e    28    70    0    1  
 e    28    71    0    1  
 e    28    72    0    1  
 e    28    73    0    1  
 e    28    74    0    1  
 e    28    75    0    1  
 e    28    76    0    1  
 e    28    77    0    1  
 e    28    78    0    1  
 e    28    79    0    1  
 e    28    80    0    1  
 e    28    81    0    1  
 e    28    82    0    1  
 e    28    83    0    1  
 e    28    84    0    1  
 e    28    85    0    1  
 e    28    86    0    1  
 e    28    87    0    1  
 e    29    30    4    1  
 e    29    31    4    1  
 e    29    32    4    1  
 e    29    33    4    1  
 e    29    34    4    1  
 e    29    35    4    1  
 e    29    36    4    1  
 e    29    37    4    1  
 e    29    38    4    1  
 e    29    39    4    1  
 e    29    40    1    1  
 e    29    41    1    1  
 e    29    42    1    1  
 e    29    43    1    1  
 e    29    44    1    1  
 e    29    45    0    1  
 e    29    46    0    1  
 e    29    47    0    1  
 e    29    48    0    1  
 e    29    49    0    1  
 e    29    56    0    1  
 e    29    57    0    1  
 e    29    58    0    1  
 e    29    59    0    1  
 e    29    60    0    1  
 e    29    61    0    1  
 e    29    62    0    1  
 e    29    63    0    1  
 e    29    64    0    1  
 e    29    65    0    1  
 e    29    66    0    1  
 e    29    67    0    1  
 e    29    68    0    1  
 e    29    69    0    1  
 e    29    70    0    1  
 e    29    71    0    1  
 e    29    72    0    1  
 e    29    73    0    1  
 e    29    74    0    1  
 e    29    75    0    1  
 e    29    76    0    1  
 e    29    77    0    1  
 e    29    78    0    1  
 e    29    79    0    1  
 e    29    80    0    1  
 e    29    81    0    1  
 e    29    82    0    1  
 e    29    83    0    1  
 e    29    84    0    1  
 e    29    85    0    1  
 e    29    86    0    1  
 e    29    87    0    1  
 e    30    31    4    1  
 e    30    32    4    1  
 e    30    33    4    1  
 e    30    34    4    1  
 e    30    35    4    1  
 e    30    36    4    1  
 e    30    37    4    1  
 e    30    38    4    1  
 e    30    39    4    1  
 e    30    40    1    1  
 e    30    41    1    1  
 e    30    42    1    1  
 e    30    43    1    1  
 e    30    44    1    1  
 e    30    45    0    1  
 e    30    46    0    1  
 e    30    47    0    1  
 e    30    48    0    1  
 e    30    49    0    1  
 e    30    56    0    1  
 e    30    57    0    1  
 e    30    58    0    1  
 e    30    59    0    1  
 e    30    60    0    1  
 e    30    61    0    1  
 e    30    62    0    1  
 e    30    63    0    1  
 e    30    64    0    1  
 e    30    65    0    1  
 e    30    66    0    1  
 e    30    67    0    1  
 e    30    68    0    1  
 e    30    69    0    1  
 e    30    70    0    1  
 e    30    71    0    1  
 e    30    72    0    1  
 e    30    73    0    1  
 e    30    74    0    1  
 e    30    75    0    1  
 e    30    76    0    1  
 e    30    77    0    1  
 e    30    78    0    1  
 e    30    79    0    1  
 e    30    80    0    1  
 e    30    81    0    1  
 e    30    82    0    1  
 e    30    83    0    1  
 e    30    84    0    1  
 e    30    85    0    1  
 e    30    86    0    1  
 e    30    87    0    1  
 e    31    32    4    1  
 e    31    33    4    1  
 e    31    34    4    1  
 e    31    35    4    1  
 e    31    36    4    1  
 e    31    37    4    1  
 e    31    38    4    1  
 e    31    39    4    1  
 e    31    40    1    1  
 e    31    41    1    1  
 e    31    42    1    1  
 e    31    43    1    1  
 e    31    44    1    1  
 e    31    45    0    1  
 e    31    46    0    1  
 e    31    47    0    1  
 e    31    48    0    1  
 e    31    49    0    1  
 e    31    56    0    1  
 e    31    57    0    1  
 e    31    58    0    1  
 e    31    59    0    1  
 e    31    60    0    1  
 e    31    61    0    1  
 e    31    62    0    1  
 e    31    63    0    1  
 e    31    64    0    1  
 e    31    65    0    1  
 e    31    66    0    1  
 e    31    67    0    1  
 e    31    68    0    1  
 e    31    69    0    1  
 e    31    70    0    1  
 e    31    71    0    1  
 e    31    72    0    1  
 e    31    73    0    1  
 e    31    74    0    1  
 e    31    75    0    1  
 e    31    76    0    1  
 e    31    77    0    1  
 e    31    78    0    1  
 e    31    79    0    1  
 e    31    80    0    1  
 e    31    81    0    1  
 e    31    82    0    1  
 e    31    83    0    1  
 e    31    84    0    1  
 e    31    85    0    1  
 e    31    86    0    1  
 e    31    87    0    1  
 e    32    33    4    1  
 e    32    34    4    1  
 e    32    35    4    1  
 e    32    36    4    1  
 e    32    37    4    1  
 e    32    38    4    1  
 e    32    39    4    1  
 e    32    40    1    1  
 e    32    41    1    1  
 e    32    42    1    1  
 e    32    43    1    1  
 e    32    44    1    1  
 e    32    45    0    1  
 e    32    46    0    1  
 e    32    47    0    1  
 e    32    48    0    1  
 e    32    49    0    1  
 e    32    56    0    1  
 e    32    57    0    1  
 e    32    58    0    1  
 e    32    59    0    1  
 e    32    60    0    1  
 e    32    61    0    1  
 e    32    62    0    1  
 e    32    63    0    1  
 e    32    64    0    1  
 e    32    65    0    1  
 e    32    66    0    1  
 e    32    67    0    1  
 e    32    68    0    1  
 e    32    69    0    1  
 e    32    70    0    1  
 e    32    71    0    1  
 e    32    72    0    1  
 e    32    73    0    1  
 e    32    74    0    1  
 e    32    75    0    1  
 e    32    76    0    1  
 e    32    77    0    1  
 e    32    78    0    1  
 e    32    79    0    1  
 e    32    80    0    1  
 e    32    81    0    1  
 e    32    82    0    1  
 e    32    83    0    1  
 e    32    84    0    1  
 e    32    85    0    1  
 e    32    86    0    1  
 e    32    87    0    1  
 e    33    34    4    1  
 e    33    35    4    1  
 e    33    36    4    1  
 e    33    37    4    1  
 e    33    38    4    1  
 e    33    39    4    1  
 e    33    40    1    1  
 e    33    41    1    1  
 e    33    42    1    1  
 e    33    43    1    1  
 e    33    44    1    1  
 e    33    45    0    1  
 e    33    46    0    1  
 e    33    47    0    1  
 e    33    48    0    1  
 e    33    49    0    1  
 e    33    56    0    1  
 e    33    57    0    1  
 e    33    58    0    1  
 e    33    59    0    1  
 e    33    60    0    1  
 e    33    61    0    1  
 e    33    62    0    1  
 e    33    63    0    1  
 e    33    64    0    1  
 e    33    65    0    1  
 e    33    66    0    1  
 e    33    67    0    1  
 e    33    68    0    1  
 e    33    69    0    1  
 e    33    70    0    1  
 e    33    71    0    1  
 e    33    72    0    1  
 e    33    73    0    1  
 e    33    74    0    1  
 e    33    75    0    1  
 e    33    76    0    1  
 e    33    77    0    1  
 e    33    78    0    1  
 e    33    79    0    1  
 e    33    80    0    1  
 e    33    81    0    1  
 e    33    82    0    1  
 e    33    83    0    1  
 e    33    84    0    1  
 e    33    85    0    1  
 e    33    86    0    1  
 e    33    87    0    1  
 e    34    35    4    1  
 e    34    36    4    1  
 e    34    37    4    1  
 e    34    38    4    1  
 e    34    39    4    1  
 e    34    40    1    1  
 e    34    41    1    1  
 e    34    42    1    1  
 e    34    43    1    1  
 e    34    44    1    1  
 e    34    45    0    1  
 e    34    46    0    1  
 e    34    47    0    1  
 e    34    48    0    1  
 e    34    49    0    1  
 e    34    56    0    1  
 e    34    57    0    1  
 e    34    58    0    1  
 e    34    59    0    1  
 e    34    60    0    1  
 e    34    61    0    1  
 e    34    62    0    1  
 e    34    63    0    1  
 e    34    64    0    1  
 e    34    65    0    1  
 e    34    66    0    1  
 e    34    67    0    1  
 e    34    68    0    1  
 e    34    69    0    1  
 e    34    70    0    1  
 e    34    71    0    1  
 e    34    72    0    1  
 e    34    73    0    1  
 e    34    74    0    1  
 e    34    75    0    1  
 e    34    76    0    1  
 e    34    77    0    1  
 e    34    78    0    1  
 e    34    79    0    1  
 e    34    80    0    1  
 e    34    81    0    1  
 e    34    82    0    1  
 e    34    83    0    1  
 e    34    84    0    1  
 e    34    85    0    1  
 e    34    86    0    1  
 e    34    87    0    1  
 e    35    36    4    1  
 e    35    37    4    1  
 e    35    38    4    1  
 e    35    39    4    1  
 e    35    40    1    1  
 e    35    41    1    1  
 e    35    42    1    1  
 e    35    43    1    1  
 e    35    44    1    1  
 e    35    45    0    1  
 e    35    46    0    1  
 e    35    47    0    1  
 e    35    48    0    1  
 e    35    49    0    1  
 e    35    56    0    1  
 e    35    57    0    1  
 e    35    58    0    1  
 e    35    59    0    1  
 e    35    60    0    1  
 e    35    61    0    1  
 e    35    62    0    1  
 e    35    63    0    1  
 e    35    64    0    1  
 e    35    65    0    1  
 e    35    66    0    1  
 e    35    67    0    1  
 e    35    68    0    1  
 e    35    69    0    1  
 e    35    70    0    1  
 e    35    71    0    1  
 e    35    72    0    1  
 e    35    73    0    1  
 e    35    74    0    1  
 e    35    75    0    1  
 e    35    76    0    1  
 e    35    77    0    1  
 e    35    78    0    1  
 e    35    79    0    1  
 e    35    80    0    1  
 e    35    81    0    1  
 e    35    82    0    1  
 e    35    83    0    1  
 e    35    84    0    1  
 e    35    85    0    1  
 e    35    86    0    1  
 e    35    87    0    1  
 e    36    37    4    1  
 e    36    38    4    1  
 e    36    39    4    1  
 e    36    40    1    1  
 e    36    41    1    1  
 e    36    42    1    1  
 e    36    43    1    1  
 e    36    44    1    1  
 e    36    45    0    1  
 e    36    46    0    1  
 e    36    47    0    1  
 e    36    48    0    1  
 e    36    49    0    1  
 e    36    56    0    1  
 e    36    57    0    1  
 e    36    58    0    1  
 e    36    59    0    1  
 e    36    60    0    1  
 e    36    61    0    1  
 e    36    62    0    1  
 e    36    63    0    1  
 e    36    64    0    1  
 e    36    65    0    1  
 e    36    66    0    1  
 e    36    67    0    1  
 e    36    68    0    1  
 e    36    69    0    1  
 e    36    70    0    1  
 e    36    71    0    1  
 e    36    72    0    1  
 e    36    73    0    1  
 e    36    74    0    1  
 e    36    75    0    1  
 e    36    76    0    1  
 e    36    77    0    1  
 e    36    78    0    1  
 e    36    79    0    1  
 e    36    80    0    1  
 e    36    81    0    1  
 e    36    82    0    1  
 e    36    83    0    1  
 e    36    84    0    1  
 e    36    85    0    1  
 e    36    86    0    1  
 e    36    87    0    1  
 e    37    38    4    1  
 e    37    39    4    1  
 e    37    40    1    1  
 e    37    41    1    1  
 e    37    42    1    1  
 e    37    43    1    1  
 e    37    44    1    1  
 e    37    45    0    1  
 e    37    46    0    1  
 e    37    47    0    1  
 e    37    48    0    1  
 e    37    49    0    1  
 e    37    56    0    1  
 e    37    57    0    1  
 e    37    58    0    1  
 e    37    59    0    1  
 e    37    60    0    1  
 e    37    61    0    1  
 e    37    62    0    1  
 e    37    63    0    1  
 e    37    64    0    1  
 e    37    65    0    1  
 e    37    66    0    1  
 e    37    67    0    1  
 e    37    68    0    1  
 e    37    69    0    1  
 e    37    70    0    1  
 e    37    71    0    1  
 e    37    72    0    1  
 e    37    73    0    1  
 e    37    74    0    1  
 e    37    75    0    1  
 e    37    76    0    1  
 e    37    77    0    1  
 e    37    78    0    1  
 e    37    79    0    1  
 e    37    80    0    1  
 e    37    81    0    1  
 e    37    82    0    1  
 e    37    83    0    1  
 e    37    84    0    1  
 e    37    85    0    1  
 e    37    86    0    1  
 e    37    87    0    1  
 e    38    39    4    1  
 e    38    40    1    1  
 e    38    41    1    1  
 e    38    42    1    1  
 e    38    43    1    1  
 e    38    44    1    1  
 e    38    45    0    1  
 e    38    46    0    1  
 e    38    47    0    1  
 e    38    48    0    1  
 e    38    49    0    1  
 e    38    56    0    1  
 e    38    57    0    1  
 e    38    58    0    1  
 e    38    59    0    1  
 e    38    60    0    1  
 e    38    61    0    1  
 e    38    62    0    1  
 e    38    63    0    1  
 e    38    64    0    1  
 e    38    65    0    1  
 e    38    66    0    1  
 e    38    67    0    1  
 e    38    68    0    1  
 e    38    69    0    1  
 e    38    70    0    1  
 e    38    71    0    1  
 e    38    72    0    1  
 e    38    73    0    1  
 e    38    74    0    1  
 e    38    75    0    1  
 e    38    76    0    1  
 e    38    77    0    1  
 e    38    78    0    1  
 e    38    79    0    1  
 e    38    80    0    1  
 e    38    81    0    1  
 e    38    82    0    1  
 e    38    83    0    1  
 e    38    84    0    1  
 e    38    85    0    1  
 e    38    86    0    1  
 e    38    87    0    1  
 e    39    40    1    1  
 e    39    41    1    1  
 e    39    42    1    1  
 e    39    43    1    1  
 e    39    44    1    1  
 e    39    45    0    1  
 e    39    46    0    1  
 e    39    47    0    1  
 e    39    48    0    1  
 e    39    49    0    1  
 e    39    56    0    1  
 e    39    57    0    1  
 e    39    58    0    1  
 e    39    59    0    1  
 e    39    60    0    1  
 e    39    61    0    1  
 e    39    62    0    1  
 e    39    63    0    1  
 e    39    64    0    1  
 e    39    65    0    1  
 e    39    66    0    1  
 e    39    67    0    1  
 e    39    68    0    1  
 e    39    69    0    1  
 e    39    70    0    1  
 e    39    71    0    1  
 e    39    72    0    1  
 e    39    73    0    1  
 e    39    74    0    1  
 e    39    75    0    1  
 e    39    76    0    1  
 e    39    77    0    1  
 e    39    78    0    1  
 e    39    79    0    1  
 e    39    80    0    1  
 e    39    81    0    1  
 e    39    82    0    1  
 e    39    83    0    1  
 e    39    84    0    1  
 e    39    85    0    1  
 e    39    86    0    1  
 e    39    87    0    1  
 e    40    41    4    1  
 e    40    42    4    1  
 e    40    43    4    1  
 e    40    44    4    1  
 e    40    45    1    1  
 e    40    46    1    1  
 e    40    47    0    1  
 e    40    48    0    1  
 e    40    49    0    1  
 e    40    59    0    1  
 e    40    60    0    1  
 e    40    61    0    1  
 e    40    62    0    1  
 e    40    63    0    1  
 e    40    64    0    1  
 e    40    65    0    1  
 e    40    66    0    1  
 e    40    67    0    1  
 e    40    68    0    1  
 e    40    69    0    1  
 e    40    70    0    1  
 e    40    71    0    1  
 e    40    72    0    1  
 e    40    73    0    1  
 e    40    74    0    1  
 e    40    75    0    1  
 e    40    76    0    1  
 e    40    77    0    1  
 e    40    78    0    1  
 e    40    79    0    1  
 e    40    80    0    1  
 e    40    81    0    1  
 e    40    82    0    1  
 e    40    83    0    1  
 e    40    84    0    1  
 e    40    85    0    1  
 e    40    86    0    1  
 e    40    87    0    1  
 e    41    42    4    1  
 e    41    43    4    1  
 e    41    44    4    1  
 e    41    45    1    1  
 e    41    46    1    1  
 e    41    47    0    1  
 e    41    48    0    1  
 e    41    49    0    1  
 e    41    59    0    1  
 e    41    60    0    1  
 e    41    61    0    1  
 e    41    62    0    1  
 e    41    63    0    1  
 e    41    64    0    1  
 e    41    65    0    1  
 e    41    66    0    1  
 e    41    67    0    1  
 e    41    68    0    1  
 e    41    69    0    1  
 e    41    70    0    1  
 e    41    71    0    1  
 e    41    72    0    1  
 e    41    73    0    1  
 e    41    74    0    1  
 e    41    75    0    1  
 e    41    76    0    1  
 e    41    77    0    1  
 e    41    78    0    1  
 e    41    79    0    1  
 e    41    80    0    1  
 e    41    81    0    1  
 e    41    82    0    1  
 e    41    83    0    1  
 e    41    84    0    1  
 e    41    85    0    1  
 e    41    86    0    1  
 e    41    87    0    1  
 e    42    43    4    1  
 e    42    44    4    1  
 e    42    45    1    1  
 e    42    46    1    1  
 e    42    47    0    1  
 e    42    48    0    1  
 e    42    49    0    1  
 e    42    59    0    1  
 e    42    60    0    1  
 e    42    61    0    1  
 e    42    62    0    1  
 e    42    63    0    1  
 e    42    64    0    1  
 e    42    65    0    1  
 e    42    66    0    1  
 e    42    67    0    1  
 e    42    68    0    1  
 e    42    69    0    1  
 e    42    70    0    1  
 e    42    71    0    1  
 e    42    72    0    1  
 e    42    73    0    1  
 e    42    74    0    1  
 e    42    75    0    1  
 e    42    76    0    1  
 e    42    77    0    1  
 e    42    78    0    1  
 e    42    79    0    1  
 e    42    80    0    1  
 e    42    81    0    1  
 e    42    82    0    1  
 e    42    83    0    1  
 e    42    84    0    1  
 e    42    85    0    1  
 e    42    86    0    1  
 e    42    87    0    1  
 e    43    44    4    1  
 e    43    45    1    1  
 e    43    46    1    1  
 e    43    47    0    1  
 e    43    48    0    1  
 e    43    49    0    1  
 e    43    59    0    1  
 e    43    60    0    1  
 e    43    61    0    1  
 e    43    62    0    1  
 e    43    63    0    1  
 e    43    64    0    1  
 e    43    65    0    1  
 e    43    66    0    1  
 e    43    67    0    1  
 e    43    68    0    1  
 e    43    69    0    1  
 e    43    70    0    1  
 e    43    71    0    1  
 e    43    72    0    1  
 e    43    73    0    1  
 e    43    74    0    1  
 e    43    75    0    1  
 e    43    76    0    1  
 e    43    77    0    1  
 e    43    78    0    1  
 e    43    79    0    1  
 e    43    80    0    1  
 e    43    81    0    1  
 e    43    82    0    1  
 e    43    83    0    1  
 e    43    84    0    1  
 e    43    85    0    1  
 e    43    86    0    1  
 e    43    87    0    1  
 e    44    45    1    1  
 e    44    46    1    1  
 e    44    47    0    1  
 e    44    48    0    1  
 e    44    49    0    1  
 e    44    59    0    1  
 e    44    60    0    1  
 e    44    61    0    1  
 e    44    62    0    1  
 e    44    63    0    1  
 e    44    64    0    1  
 e    44    65    0    1  
 e    44    66    0    1  
 e    44    67    0    1  
 e    44    68    0    1  
 e    44    69    0    1  
 e    44    70    0    1  
 e    44    71    0    1  
 e    44    72    0    1  
 e    44    73    0    1  
 e    44    74    0    1  
 e    44    75    0    1  
 e    44    76    0    1  
 e    44    77    0    1  
 e    44    78    0    1  
 e    44    79    0    1  
 e    44    80    0    1  
 e    44    81    0    1  
 e    44    82    0    1  
 e    44    83    0    1  
 e    44    84    0    1  
 e    44    85    0    1  
 e    44    86    0    1  
 e    44    87    0    1  
 e    45    46    4    1  
 e    45    47    1    1  
 e    45    48    1    1  
 e    45    49    1    1  
 e    45    66    0    1  
 e    45    67    0    1  
 e    45    68    0    1  
 e    45    69    0    1  
 e    45    70    0    1  
 e    45    71    0    1  
 e    45    72    0    1  
 e    45    73    0    1  
 e    45    74    0    1  
 e    45    75    0    1  
 e    45    76    0    1  
 e    45    77    0    1  
 e    45    78    0    1  
 e    45    79    0    1  
 e    45    80    0    1  
 e    45    81    0    1  
 e    45    82    0    1  
 e    45    85    0    1  
 e    45    86    0    1  
 e    45    87    0    1  
 e    46    47    1    1  
 e    46    48    1    1  
 e    46    49    1    1  
 e    46    66    0    1  
 e    46    67    0    1  
 e    46    68    0    1  
 e    46    69    0    1  
 e    46    70    0    1  
 e    46    71    0    1  
 e    46    72    0    1  
 e    46    73    0    1  
 e    46    74    0    1  
 e    46    75    0    1  
 e    46    76    0    1  
 e    46    77    0    1  
 e    46    78    0    1  
 e    46    79    0    1  
 e    46    80    0    1  
 e    46    81    0    1  
 e    46    82    0    1  
 e    46    85    0    1  
 e    46    86    0    1  
 e    46    87    0    1  
 e    47    48    4    1  
 e    47    49    4    1  
 e    47    77    0    1  
 e    47    78    0    1  
 e    47    79    0    1  
 e    47    80    0    1  
 e    47    81    0    1  
 e    47    82    0    1  
 e    47    87    0    1  
 e    48    49    4    1  
 e    48    77    0    1  
 e    48    78    0    1  
 e    48    79    0    1  
 e    48    80    0    1  
 e    48    81    0    1  
 e    48    82    0    1  
 e    48    87    0    1  
 e    49    77    0    1  
 e    49    78    0    1  
 e    49    79    0    1  
 e    49    80    0    1  
 e    49    81    0    1  
 e    49    82    0    1  
 e    49    87    0    1  
 e    50    51    4    1  
 e    50    52    4    1  
 e    50    53    4    1  
 e    50    54    4    1  
 e    50    55    4    1  
 e    50    56    1    1  
 e    50    57    1    1  
 e    50    58    1    1  
 e    50    59    0    1  
 e    50    60    0    1  
 e    50    61    0    1  
 e    50    62    0    1  
 e    50    63    0    1  
 e    50    64    0    1  
 e    50    65    0    1  
 e    50    66    0    1  
 e    50    67    0    1  
 e    50    68    0    1  
 e    50    69    0    1  
 e    50    70    0    1  
 e    50    71    0    1  
 e    50    72    0    1  
 e    50    73    0    1  
 e    50    74    0    1  
 e    50    75    0    1  
 e    50    76    0    1  
 e    50    83    0    1  
 e    50    84    0    1  
 e    51    52    4    1  
 e    51    53    4    1  
 e    51    54    4    1  
 e    51    55    4    1  
 e    51    56    1    1  
 e    51    57    1    1  
 e    51    58    1    1  
 e    51    59    0    1  
 e    51    60    0    1  
 e    51    61    0    1  
 e    51    62    0    1  
 e    51    63    0    1  
 e    51    64    0    1  
 e    51    65    0    1  
 e    51    66    0    1  
 e    51    67    0    1  
 e    51    68    0    1  
 e    51    69    0    1  
 e    51    70    0    1  
 e    51    71    0    1  
 e    51    72    0    1  
 e    51    73    0    1  
 e    51    74    0    1  
 e    51    75    0    1  
 e    51    76    0    1  
 e    51    83    0    1  
 e    51    84    0    1  
 e    52    53    4    1  
 e    52    54    4    1  
 e    52    55    4    1  
 e    52    56    1    1  
 e    52    57    1    1  
 e    52    58    1    1  
 e    52    59    0    1  
 e    52    60    0    1  
 e    52    61    0    1  
 e    52    62    0    1  
 e    52    63    0    1  
 e    52    64    0    1  
 e    52    65    0    1  
 e    52    66    0    1  
 e    52    67    0    1  
 e    52    68    0    1  
 e    52    69    0    1  
 e    52    70    0    1  
 e    52    71    0    1  
 e    52    72    0    1  
 e    52    73    0    1  
 e    52    74    0    1  
 e    52    75    0    1  
 e    52    76    0    1  
 e    52    83    0    1  
 e    52    84    0    1  
 e    53    54    4    1  
 e    53    55    4    1  
 e    53    56    1    1  
 e    53    57    1    1  
 e    53    58    1    1  
 e    53    59    0    1  
 e    53    60    0    1  
 e    53    61    0    1  
 e    53    62    0    1  
 e    53    63    0    1  
 e    53    64    0    1  
 e    53    65    0    1  
 e    53    66    0    1  
 e    53    67    0    1  
 e    53    68    0    1  
 e    53    69    0    1  
 e    53    70    0    1  
 e    53    71    0    1  
 e    53    72    0    1  
 e    53    73    0    1  
 e    53    74    0    1  
 e    53    75    0    1  
 e    53    76    0    1  
 e    53    83    0    1  
 e    53    84    0    1  
 e    54    55    4    1  
 e    54    56    1    1  
 e    54    57    1    1  
 e    54    58    1    1  
 e    54    59    0    1  
 e    54    60    0    1  
 e    54    61    0    1  
 e    54    62    0    1  
 e    54    63    0    1  
 e    54    64    0    1  
 e    54    65    0    1  
 e    54    66    0    1  
 e    54    67    0    1  
 e    54    68    0    1  
 e    54    69    0    1  
 e    54    70    0    1  
 e    54    71    0    1  
 e    54    72    0    1  
 e    54    73    0    1  
 e    54    74    0    1  
 e    54    75    0    1  
 e    54    76    0    1  
 e    54    83    0    1  
 e    54    84    0    1  
 e    55    56    1    1  
 e    55    57    1    1  
 e    55    58    1    1  
 e    55    59    0    1  
 e    55    60    0    1  
 e    55    61    0    1  
 e    55    62    0    1  
 e    55    63    0    1  
 e    55    64    0    1  
 e    55    65    0    1  
 e    55    66    0    1  
 e    55    67    0    1  
 e    55    68    0    1  
 e    55    69    0    1  
 e    55    70    0    1  
 e    55    71    0    1  
 e    55    72    0    1  
 e    55    73    0    1  
 e    55    74    0    1  
 e    55    75    0    1  
 e    55    76    0    1  
 e    55    83    0    1  
 e    55    84    0    1  
 e    56    57    4    1  
 e    56    58    4    1  
 e    56    59    1    1  
 e    56    60    1    1  
 e    56    61    1    1  
 e    56    62    1    1  
 e    56    63    1    1  
 e    56    64    1    1  
 e    56    65    1    1  
 e    56    66    0    1  
 e    56    67    0    1  
 e    56    68    0    1  
 e    56    69    0    1  
 e    56    70    0    1  
 e    56    71    0    1  
 e    56    72    0    1  
 e    56    73    0    1  
 e    56    74    0    1  
 e    56    75    0    1  
 e    56    76    0    1  
 e    56    77    0    1  
 e    56    78    0    1  
 e    56    79    0    1  
 e    56    80    0    1  
 e    56    81    0    1  
 e    56    83    1    1  
 e    56    84    1    1  
 e    56    85    0    1  
 e    56    86    0    1  
 e    57    58    4    1  
 e    57    59    1    1  
 e    57    60    1    1  
 e    57    61    1    1  
 e    57    62    1    1  
 e    57    63    1    1  
 e    57    64    1    1  
 e    57    65    1    1  
 e    57    66    0    1  
 e    57    67    0    1  
 e    57    68    0    1  
 e    57    69    0    1  
 e    57    70    0    1  
 e    57    71    0    1  
 e    57    72    0    1  
 e    57    73    0    1  
 e    57    74    0    1  
 e    57    75    0    1  
 e    57    76    0    1  
 e    57    77    0    1  
 e    57    78    0    1  
 e    57    79    0    1  
 e    57    80    0    1  
 e    57    81    0    1  
 e    57    83    1    1  
 e    57    84    1    1  
 e    57    85    0    1  
 e    57    86    0    1  
 e    58    59    1    1  
 e    58    60    1    1  
 e    58    61    1    1  
 e    58    62    1    1  
 e    58    63    1    1  
 e    58    64    1    1  
 e    58    65    1    1  
 e    58    66    0    1  
 e    58    67    0    1  
 e    58    68    0    1  
 e    58    69    0    1  
 e    58    70    0    1  
 e    58    71    0    1  
 e    58    72    0    1  
 e    58    73    0    1  
 e    58    74    0    1  
 e    58    75    0    1  
 e    58    76    0    1  
 e    58    77    0    1  
 e    58    78    0    1  
 e    58    79    0    1  
 e    58    80    0    1  
 e    58    81    0    1  
 e    58    83    1    1  
 e    58    84    1    1  
 e    58    85    0    1  
 e    58    86    0    1  
 e    59    60    4    1  
 e    59    61    4    1  
 e    59    62    4    1  
 e    59    63    4    1  
 e    59    64    4    1  
 e    59    65    4    1  
 e    59    66    1    1  
 e    59    67    1    1  
 e    59    68    1    1  
 e    59    69    1    1  
 e    59    70    1    1  
 e    59    71    1    1  
 e    59    72    1    1  
 e    59    73    1    1  
 e    59    74    1    1  
 e    59    75    1    1  
 e    59    76    1    1  
 e    59    77    0    1  
 e    59    78    0    1  
 e    59    79    0    1  
 e    59    80    0    1  
 e    59    81    0    1  
 e    59    82    0    1  
 e    59    85    1    1  
 e    59    86    1    1  
 e    59    87    0    1  
 e    60    61    4    1  
 e    60    62    4    1  
 e    60    63    4    1  
 e    60    64    4    1  
 e    60    65    4    1  
 e    60    66    1    1  
 e    60    67    1    1  
 e    60    68    1    1  
 e    60    69    1    1  
 e    60    70    1    1  
 e    60    71    1    1  
 e    60    72    1    1  
 e    60    73    1    1  
 e    60    74    1    1  
 e    60    75    1    1  
 e    60    76    1    1  
 e    60    77    0    1  
 e    60    78    0    1  
 e    60    79    0    1  
 e    60    80    0    1  
 e    60    81    0    1  
 e    60    82    0    1  
 e    60    85    1    1  
 e    60    86    1    1  
 e    60    87    0    1  
 e    61    62    4    1  
 e    61    63    4    1  
 e    61    64    4    1  
 e    61    65    4    1  
 e    61    66    1    1  
 e    61    67    1    1  
 e    61    68    1    1  
 e    61    69    1    1  
 e    61    70    1    1  
 e    61    71    1    1  
 e    61    72    1    1  
 e    61    73    1    1  
 e    61    74    1    1  
 e    61    75    1    1  
 e    61    76    1    1  
 e    61    77    0    1  
 e    61    78    0    1  
 e    61    79    0    1  
 e    61    80    0    1  
 e    61    81    0    1  
 e    61    82    0    1  
 e    61    85    1    1  
 e    61    86    1    1  
 e    61    87    0    1  
 e    62    63    4    1  
 e    62    64    4    1  
 e    62    65    4    1  
 e    62    66    1    1  
 e    62    67    1    1  
 e    62    68    1    1  
 e    62    69    1    1  
 e    62    70    1    1  
 e    62    71    1    1  
 e    62    72    1    1  
 e    62    73    1    1  
 e    62    74    1    1  
 e    62    75    1    1  
 e    62    76    1    1  
 e    62    77    0    1  
 e    62    78    0    1  
 e    62    79    0    1  
 e    62    80    0    1  
 e    62    81    0    1  
 e    62    82    0    1  
 e    62    85    1    1  
 e    62    86    1    1  
 e    62    87    0    1  
 e    63    64    4    1  
 e    63    65    4    1  
 e    63    66    1    1  
 e    63    67    1    1  
 e    63    68    1    1  
 e    63    69    1    1  
 e    63    70    1    1  
 e    63    71    1    1  
 e    63    72    1    1  
 e    63    73    1    1  
 e    63    74    1    1  
 e    63    75    1    1  
 e    63    76    1    1  
 e    63    77    0    1  
 e    63    78    0    1  
 e    63    79    0    1  
 e    63    80    0    1  
 e    63    81    0    1  
 e    63    82    0    1  
 e    63    85    1    1  
 e    63    86    1    1  
 e    63    87    0    1  
 e    64    65    4    1  
 e    64    66    1    1  
 e    64    67    1    1  
 e    64    68    1    1  
 e    64    69    1    1  
 e    64    70    1    1  
 e    64    71    1    1  
 e    64    72    1    1  
 e    64    73    1    1  
 e    64    74    1    1  
 e    64    75    1    1  
 e    64    76    1    1  
 e    64    77    0    1  
 e    64    78    0    1  
 e    64    79    0    1  
 e    64    80    0    1  
 e    64    81    0    1  
 e    64    82    0    1  
 e    64    85    1    1  
 e    64    86    1    1  
 e    64    87    0    1  
 e    65    66    1    1  
 e    65    67    1    1  
 e    65    68    1    1  
 e    65    69    1    1  
 e    65    70    1    1  
 e    65    71    1    1  
 e    65    72    1    1  
 e    65    73    1    1  
 e    65    74    1    1  
 e    65    75    1    1  
 e    65    76    1    1  
 e    65    77    0    1  
 e    65    78    0    1  
 e    65    79    0    1  
 e    65    80    0    1  
 e    65    81    0    1  
 e    65    82    0    1  
 e    65    85    1    1  
 e    65    86    1    1  
 e    65    87    0    1  
 e    66    67    4    1  
 e    66    68    4    1  
 e    66    69    4    1  
 e    66    70    4    1  
 e    66    71    4    1  
 e    66    72    4    1  
 e    66    73    4    1  
 e    66    74    4    1  
 e    66    75    4    1  
 e    66    76    4    1  
 e    66    77    1    1  
 e    66    78    1    1  
 e    66    79    1    1  
 e    66    80    1    1  
 e    66    81    1    1  
 e    66    82    0    1  
 e    66    87    1    1  
 e    67    68    4    1  
 e    67    69    4    1  
 e    67    70    4    1  
 e    67    71    4    1  
 e    67    72    4    1  
 e    67    73    4    1  
 e    67    74    4    1  
 e    67    75    4    1  
 e    67    76    4    1  
 e    67    77    1    1  
 e    67    78    1    1  
 e    67    79    1    1  
 e    67    80    1    1  
 e    67    81    1    1  
 e    67    82    0    1  
 e    67    87    1    1  
 e    68    69    4    1  
 e    68    70    4    1  
 e    68    71    4    1  
 e    68    72    4    1  
 e    68    73    4    1  
 e    68    74    4    1  
 e    68    75    4    1  
 e    68    76    4    1  
 e    68    77    1    1  
 e    68    78    1    1  
 e    68    79    1    1  
 e    68    80    1    1  
 e    68    81    1    1  
 e    68    82    0    1  
 e    68    87    1    1  
 e    69    70    4    1  
 e    69    71    4    1  
 e    69    72    4    1  
 e    69    73    4    1  
 e    69    74    4    1  
 e    69    75    4    1  
 e    69    76    4    1  
 e    69    77    1    1  
 e    69    78    1    1  
 e    69    79    1    1  
 e    69    80    1    1  
 e    69    81    1    1  
 e    69    82    0    1  
 e    69    87    1    1  
 e    70    71    4    1  
 e    70    72    4    1  
 e    70    73    4    1  
 e    70    74    4    1  
 e    70    75    4    1  
 e    70    76    4    1  
 e    70    77    1    1  
 e    70    78    1    1  
 e    70    79    1    1  
 e    70    80    1    1  
 e    70    81    1    1  
 e    70    82    0    1  
 e    70    87    1    1  
 e    71    72    4    1  
 e    71    73    4    1  
 e    71    74    4    1  
 e    71    75    4    1  
 e    71    76    4    1  
 e    71    77    1    1  
 e    71    78    1    1  
 e    71    79    1    1  
 e    71    80    1    1  
 e    71    81    1    1  
 e    71    82    0    1  
 e    71    87    1    1  
 e    72    73    4    1  
 e    72    74    4    1  
 e    72    75    4    1  
 e    72    76    4    1  
 e    72    77    1    1  
 e    72    78    1    1  
 e    72    79    1    1  
 e    72    80    1    1  
 e    72    81    1    1  
 e    72    82    0    1  
 e    72    87    1    1  
 e    73    74    4    1  
 e    73    75    4    1  
 e    73    76    4    1  
 e    73    77    1    1  
 e    73    78    1    1  
 e    73    79    1    1  
 e    73    80    1    1  
 e    73    81    1    1  
 e    73    82    0    1  
 e    73    87    1    1  
 e    74    75    4    1  
 e    74    76    4    1  
 e    74    77    1    1  
 e    74    78    1    1  
 e    74    79    1    1  
 e    74    80    1    1  
 e    74    81    1    1  
 e    74    82    0    1  
 e    74    87    1    1  
 e    75    76    4    1  
 e    75    77    1    1  
 e    75    78    1    1  
 e    75    79    1    1  
 e    75    80    1    1  
 e    75    81    1    1  
 e    75    82    0    1  
 e    75    87    1    1  
 e    76    77    1    1  
 e    76    78    1    1  
 e    76    79    1    1  
 e    76    80    1    1  
 e    76    81    1    1  
 e    76    82    0    1  
 e    76    87    1    1  
 e    77    78    4    1  
 e    77    79    4    1  
 e    77    80    4    1  
 e    77    81    4    1  
 e    77    82    1    1  
 e    77    83    1    1  
 e    77    84    1    1  
 e    78    79    4    1  
 e    78    80    4    1  
 e    78    81    4    1  
 e    78    82    1    1  
 e    78    83    1    1  
 e    78    84    1    1  
 e    79    80    4    1  
 e    79    81    4    1  
 e    79    82    1    1  
 e    79    83    1    1  
 e    79    84    1    1  
 e    80    81    4    1  
 e    80    82    1    1  
 e    80    83    1    1  
 e    80    84    1    1  
 e    81    82    1    1  
 e    81    83    1    1  
 e    81    84    1    1  
 e    82    83    0    1  
 e    82    84    0    1  
 e    82    85    1    1  
 e    82    86    1    1  
 e    83    84    4    1  
 e    83    85    1    1  
 e    83    86    1    1  
 e    83    87    0    1  
 e    84    85    1    1  
 e    84    86    1    1  
 e    84    87    0    1  
 e    85    86    4    1  
 e    85    87    1    1  
 e    86    87    1    1  
