 p    band 75   835 
 e    0    1    4    50 
 e    0    2    4    50 
 e    0    4    0    7 
 e    0    5    0    8 
 e    0    7    3    18 
 e    0    8    1    26 
 e    0    13    0    1 
 e    0    19    0    7 
 e    0    20    1    8 
 e    0    21    0    1 
 e    0    22    0    1 
 e    0    23    0    11 
 e    0    24    0    5 
 e    0    26    0    5 
 e    0    27    0    2 
 e    0    28    0    10 
 e    0    29    0    13 
 e    0    30    0    16 
 e    0    33    0    3 
 e    0    34    1    9 
 e    0    36    0    1 
 e    0    37    1    17 
 e    0    38    0    5 
 e    0    42    1    21 
 e    0    46    1    16 
 e    0    47    2    11 
 e    0    49    1    1 
 e    0    50    0    11 
 e    0    51    1    5 
 e    0    55    2    8 
 e    0    59    2    20 
 e    0    67    0    2 
 e    0    68    0    2 
 e    0    69    1    16 
 e    0    70    0    1 
 e    0    71    1    10 
 e    1    2    4    50 
 e    1    4    0    5 
 e    1    5    1    5 
 e    1    7    1    16 
 e    1    8    0    14 
 e    1    13    0    1 
 e    1    19    1    12 
 e    1    20    0    7 
 e    1    21    0    1 
 e    1    22    0    1 
 e    1    23    0    12 
 e    1    24    0    6 
 e    1    26    0    6 
 e    1    27    0    3 
 e    1    28    1    3 
 e    1    29    0    6 
 e    1    30    2    18 
 e    1    33    1    12 
 e    1    34    0    12 
 e    1    36    2    4 
 e    1    37    1    11 
 e    1    38    0    2 
 e    1    42    0    30 
 e    1    46    1    18 
 e    1    47    0    20 
 e    1    49    0    16 
 e    1    50    1    18 
 e    1    51    0    10 
 e    1    55    0    17 
 e    1    59    1    7 
 e    1    67    0    3 
 e    1    68    0    2 
 e    1    69    0    1 
 e    1    70    1    16 
 e    1    71    1    16 
 e    2    4    1    14 
 e    2    5    1    7 
 e    2    7    1    35 
 e    2    8    2    20 
 e    2    13    0    1 
 e    2    19    0    12 
 e    2    20    0    7 
 e    2    21    0    1 
 e    2    22    0    1 
 e    2    23    1    12 
 e    2    24    0    4 
 e    2    26    0    1 
 e    2    27    0    1 
 e    2    28    0    3 
 e    2    29    1    12 
 e    2    30    0    24 
 e    2    33    0    4 
 e    2    34    0    12 
 e    2    36    1    2 
 e    2    37    1    6 
 e    2    38    0    3 
 e    2    42    1    8 
 e    2    46    1    21 
 e    2    47    2    27 
 e    2    49    0    4 
 e    2    50    1    1 
 e    2    51    1    32 
 e    2    55    1    8 
 e    2    59    1    18 
 e    2    67    0    2 
 e    2    68    0    1 
 e    2    69    0    17 
 e    2    70    0    7 
 e    2    71    0    6 
 e    3    19    0    2 
 e    3    20    0    4 
 e    3    23    0    8 
 e    3    25    2    25 
 e    3    31    3    12 
 e    3    32    3    2 
 e    3    35    1    3 
 e    3    36    0    2 
 e    3    37    0    2 
 e    3    39    1    14 
 e    3    40    0    18 
 e    3    44    1    8 
 e    3    45    0    2 
 e    3    49    0    3 
 e    3    50    0    1 
 e    3    55    0    4 
 e    3    60    1    12 
 e    3    61    1    3 
 e    3    63    0    1 
 e    3    66    0    5 
 e    4    5    4    50 
 e    4    7    0    18 
 e    4    8    1    15 
 e    4    11    1    8 
 e    4    12    0    16 
 e    4    16    0    2 
 e    4    17    0    6 
 e    4    18    1    5 
 e    4    21    1    13 
 e    4    22    1    15 
 e    4    24    1    3 
 e    4    29    1    5 
 e    4    30    2    14 
 e    4    38    0    3 
 e    4    42    1    3 
 e    4    43    0    12 
 e    4    46    0    2 
 e    4    47    1    10 
 e    4    49    0    1 
 e    4    50    0    1 
 e    4    51    0    3 
 e    4    53    0    6 
 e    4    54    0    4 
 e    4    56    0    6 
 e    4    67    0    8 
 e    4    68    0    5 
 e    4    72    0    1 
 e    4    73    0    1 
 e    5    7    0    13 
 e    5    8    2    5 
 e    5    11    0    15 
 e    5    12    1    4 
 e    5    16    0    10 
 e    5    17    0    2 
 e    5    18    0    11 
 e    5    21    0    10 
 e    5    22    0    17 
 e    5    24    1    10 
 e    5    29    0    18 
 e    5    30    1    19 
 e    5    38    0    4 
 e    5    42    1    10 
 e    5    43    0    5 
 e    5    46    0    13 
 e    5    47    1    12 
 e    5    49    0    1 
 e    5    50    0    1 
 e    5    51    0    6 
 e    5    53    0    7 
 e    5    54    0    3 
 e    5    56    0    1 
 e    5    67    0    4 
 e    5    68    0    13 
 e    5    72    0    1 
 e    5    73    0    1 
 e    6    31    0    1 
 e    6    32    0    1 
 e    6    35    1    3 
 e    6    39    0    9 
 e    6    40    2    17 
 e    6    44    0    3 
 e    6    45    0    7 
 e    6    48    0    18 
 e    6    52    0    2 
 e    6    57    2    30 
 e    6    58    0    5 
 e    6    62    0    14 
 e    6    63    2    6 
 e    6    66    1    7 
 e    7    8    4    50 
 e    7    19    0    1 
 e    7    20    0    2 
 e    7    21    0    14 
 e    7    22    0    15 
 e    7    23    0    1 
 e    7    24    0    2 
 e    7    29    0    11 
 e    7    30    3    39 
 e    7    36    0    3 
 e    7    37    0    7 
 e    7    38    0    13 
 e    7    42    0    8 
 e    7    46    2    10 
 e    7    47    2    9 
 e    7    49    0    10 
 e    7    50    0    9 
 e    7    51    1    6 
 e    7    55    0    12 
 e    7    59    0    6 
 e    7    67    0    9 
 e    7    68    0    2 
 e    7    69    0    1 
 e    7    70    0    1 
 e    7    71    0    1 
 e    8    19    0    4 
 e    8    20    0    2 
 e    8    21    0    7 
 e    8    22    0    7 
 e    8    23    0    5 
 e    8    24    0    8 
 e    8    29    1    15 
 e    8    30    1    35 
 e    8    36    0    4 
 e    8    37    0    1 
 e    8    38    0    7 
 e    8    42    3    5 
 e    8    46    2    12 
 e    8    47    0    26 
 e    8    49    1    14 
 e    8    50    1    13 
 e    8    51    0    1 
 e    8    55    1    1 
 e    8    59    0    9 
 e    8    67    0    6 
 e    8    68    0    7 
 e    8    69    0    1 
 e    8    70    0    3 
 e    8    71    0    3 
 e    9    10    4    50 
 e    9    14    1    23 
 e    9    15    0    23 
 e    9    41    1    27 
 e    9    52    0    9 
 e    9    54    0    3 
 e    9    58    0    2 
 e    9    64    0    10 
 e    9    65    0    5 
 e    9    74    1    20 
 e    10    14    0    3 
 e    10    15    1    9 
 e    10    41    3    3 
 e    10    52    0    5 
 e    10    54    0    2 
 e    10    58    0    3 
 e    10    64    0    7 
 e    10    65    0    11 
 e    10    74    0    8 
 e    11    12    4    50 
 e    11    16    3    35 
 e    11    17    3    7 
 e    11    18    2    9 
 e    11    21    0    3 
 e    11    22    0    3 
 e    11    24    0    14 
 e    11    43    3    35 
 e    11    53    2    22 
 e    11    56    0    1 
 e    11    72    0    16 
 e    11    73    2    16 
 e    12    16    0    37 
 e    12    17    0    23 
 e    12    18    2    30 
 e    12    21    0    1 
 e    12    22    0    3 
 e    12    24    0    8 
 e    12    43    2    36 
 e    12    53    1    26 
 e    12    56    0    2 
 e    12    72    0    4 
 e    12    73    0    15 
 e    13    19    0    7 
 e    13    20    2    5 
 e    13    23    1    2 
 e    13    25    0    10 
 e    13    26    2    10 
 e    13    27    4    40 
 e    13    28    1    7 
 e    13    33    0    5 
 e    13    34    1    6 
 e    13    36    1    16 
 e    13    37    2    8 
 e    13    49    0    3 
 e    13    50    0    4 
 e    13    51    0    1 
 e    13    55    1    14 
 e    13    59    0    1 
 e    13    60    1    15 
 e    13    61    1    14 
 e    13    69    0    1 
 e    13    70    0    3 
 e    13    71    0    5 
 e    14    15    4    50 
 e    14    41    2    15 
 e    14    74    0    15 
 e    15    41    2    2 
 e    15    74    2    5 
 e    16    17    4    50 
 e    16    18    4    50 
 e    16    24    0    4 
 e    16    43    3    10 
 e    16    53    0    29 
 e    16    56    0    2 
 e    16    72    0    9 
 e    16    73    0    18 
 e    17    18    4    50 
 e    17    24    0    12 
 e    17    43    3    30 
 e    17    53    0    28 
 e    17    56    0    5 
 e    17    72    1    1 
 e    17    73    0    21 
 e    18    24    0    8 
 e    18    43    0    7 
 e    18    53    0    22 
 e    18    56    0    1 
 e    18    72    1    14 
 e    18    73    0    31 
 e    19    20    4    50 
 e    19    23    2    32 
 e    19    25    0    10 
 e    19    26    1    21 
 e    19    27    1    6 
 e    19    28    1    5 
 e    19    29    0    1 
 e    19    30    0    10 
 e    19    31    0    4 
 e    19    32    0    7 
 e    19    33    0    3 
 e    19    34    0    5 
 e    19    36    2    40 
 e    19    37    2    10 
 e    19    42    0    8 
 e    19    46    1    13 
 e    19    47    0    10 
 e    19    49    0    9 
 e    19    50    1    4 
 e    19    51    0    1 
 e    19    55    2    31 
 e    19    59    0    5 
 e    19    60    0    20 
 e    19    61    1    17 
 e    19    69    0    5 
 e    19    70    0    3 
 e    19    71    0    5 
 e    20    23    1    18 
 e    20    25    1    15 
 e    20    26    2    7 
 e    20    27    2    14 
 e    20    28    3    14 
 e    20    29    0    1 
 e    20    30    0    1 
 e    20    31    0    6 
 e    20    32    0    2 
 e    20    33    0    1 
 e    20    34    0    14 
 e    20    36    0    18 
 e    20    37    0    31 
 e    20    42    0    10 
 e    20    46    0    2 
 e    20    47    0    11 
 e    20    49    0    5 
 e    20    50    0    24 
 e    20    51    0    2 
 e    20    55    0    20 
 e    20    59    0    5 
 e    20    60    1    13 
 e    20    61    0    3 
 e    20    69    0    4 
 e    20    70    0    1 
 e    20    71    0    4 
 e    21    22    4    50 
 e    21    29    2    25 
 e    21    30    0    9 
 e    21    38    0    21 
 e    21    42    0    7 
 e    21    43    0    1 
 e    21    46    0    7 
 e    21    47    0    13 
 e    21    48    0    2 
 e    21    49    0    1 
 e    21    50    0    4 
 e    21    53    0    3 
 e    21    54    3    28 
 e    21    56    2    23 
 e    21    58    0    13 
 e    21    62    0    6 
 e    21    64    0    13 
 e    21    65    0    14 
 e    21    67    0    25 
 e    21    68    0    19 
 e    22    29    1    24 
 e    22    30    0    8 
 e    22    38    2    17 
 e    22    42    0    9 
 e    22    43    0    1 
 e    22    46    0    2 
 e    22    47    1    5 
 e    22    48    0    1 
 e    22    49    0    1 
 e    22    50    0    2 
 e    22    53    0    1 
 e    22    54    0    1 
 e    22    56    2    14 
 e    22    58    0    14 
 e    22    62    0    4 
 e    22    64    1    25 
 e    22    65    1    3 
 e    22    67    0    37 
 e    22    68    2    7 
 e    23    25    1    12 
 e    23    26    0    7 
 e    23    27    0    21 
 e    23    28    1    21 
 e    23    29    0    7 
 e    23    30    0    9 
 e    23    31    1    18 
 e    23    32    1    13 
 e    23    33    0    2 
 e    23    34    0    2 
 e    23    36    2    20 
 e    23    37    2    34 
 e    23    38    0    2 
 e    23    42    0    4 
 e    23    46    0    4 
 e    23    47    1    20 
 e    23    49    1    24 
 e    23    50    0    15 
 e    23    51    0    1 
 e    23    55    0    38 
 e    23    60    0    9 
 e    23    61    1    9 
 e    23    66    0    9 
 e    24    30    0    4 
 e    24    43    0    2 
 e    24    51    0    5 
 e    24    72    0    20 
 e    24    73    1    10 
 e    25    26    0    9 
 e    25    27    0    9 
 e    25    28    0    9 
 e    25    31    1    34 
 e    25    32    0    11 
 e    25    36    0    10 
 e    25    37    1    8 
 e    25    39    0    2 
 e    25    40    0    2 
 e    25    49    0    6 
 e    25    50    0    5 
 e    25    55    1    8 
 e    25    60    0    9 
 e    25    61    2    20 
 e    25    63    0    1 
 e    25    66    1    7 
 e    26    27    4    50 
 e    26    28    4    50 
 e    26    30    0    2 
 e    26    33    0    13 
 e    26    34    0    8 
 e    26    36    0    13 
 e    26    37    0    23 
 e    26    42    0    1 
 e    26    46    0    2 
 e    26    47    0    5 
 e    26    49    0    7 
 e    26    50    0    10 
 e    26    51    0    7 
 e    26    55    0    6 
 e    26    59    0    6 
 e    26    60    1    1 
 e    26    61    1    5 
 e    26    69    0    7 
 e    26    70    0    1 
 e    26    71    0    5 
 e    27    28    4    50 
 e    27    30    0    2 
 e    27    33    0    17 
 e    27    34    0    15 
 e    27    36    2    11 
 e    27    37    1    1 
 e    27    42    0    1 
 e    27    46    0    6 
 e    27    47    0    1 
 e    27    49    0    8 
 e    27    50    0    7 
 e    27    51    0    2 
 e    27    55    2    5 
 e    27    59    0    10 
 e    27    60    1    7 
 e    27    61    1    17 
 e    27    69    0    4 
 e    27    70    0    4 
 e    27    71    0    1 
 e    28    30    0    3 
 e    28    33    0    7 
 e    28    34    0    20 
 e    28    36    2    28 
 e    28    37    0    27 
 e    28    42    0    1 
 e    28    46    0    3 
 e    28    47    0    5 
 e    28    49    0    9 
 e    28    50    0    9 
 e    28    51    0    3 
 e    28    55    0    16 
 e    28    59    0    5 
 e    28    60    0    12 
 e    28    61    1    17 
 e    28    69    0    5 
 e    28    70    0    4 
 e    28    71    0    6 
 e    29    30    2    18 
 e    29    36    0    5 
 e    29    37    0    4 
 e    29    38    1    10 
 e    29    42    2    37 
 e    29    46    1    13 
 e    29    47    2    30 
 e    29    48    0    6 
 e    29    49    1    14 
 e    29    50    1    25 
 e    29    51    0    4 
 e    29    54    0    7 
 e    29    55    0    12 
 e    29    56    0    3 
 e    29    58    0    16 
 e    29    62    0    3 
 e    29    64    0    1 
 e    29    65    1    1 
 e    29    67    2    6 
 e    29    68    0    33 
 e    30    33    0    2 
 e    30    34    0    3 
 e    30    36    1    10 
 e    30    37    0    17 
 e    30    38    0    6 
 e    30    42    0    14 
 e    30    46    2    28 
 e    30    47    3    15 
 e    30    49    2    19 
 e    30    50    0    10 
 e    30    51    1    27 
 e    30    55    0    9 
 e    30    59    0    9 
 e    30    67    0    10 
 e    30    68    0    8 
 e    30    69    0    1 
 e    30    70    0    6 
 e    30    71    0    2 
 e    31    32    4    50 
 e    31    35    1    3 
 e    31    36    0    1 
 e    31    37    0    3 
 e    31    39    1    4 
 e    31    40    1    6 
 e    31    44    0    3 
 e    31    45    0    6 
 e    31    48    0    1 
 e    31    49    0    7 
 e    31    50    0    2 
 e    31    55    0    11 
 e    31    60    2    14 
 e    31    61    2    27 
 e    31    62    0    1 
 e    31    63    0    4 
 e    31    66    0    5 
 e    32    35    0    6 
 e    32    36    0    3 
 e    32    37    0    3 
 e    32    39    0    5 
 e    32    40    0    4 
 e    32    44    0    9 
 e    32    45    0    1 
 e    32    48    0    2 
 e    32    49    0    3 
 e    32    50    0    1 
 e    32    55    0    11 
 e    32    60    2    18 
 e    32    61    1    30 
 e    32    62    0    1 
 e    32    63    0    3 
 e    32    66    1    25 
 e    33    34    4    50 
 e    33    36    1    5 
 e    33    37    1    4 
 e    33    51    1    11 
 e    33    55    0    2 
 e    33    59    2    5 
 e    33    69    2    29 
 e    33    70    2    27 
 e    33    71    2    19 
 e    34    36    0    4 
 e    34    37    0    8 
 e    34    51    0    15 
 e    34    55    0    3 
 e    34    59    2    12 
 e    34    69    2    11 
 e    34    70    1    26 
 e    34    71    0    25 
 e    35    39    2    29 
 e    35    40    2    8 
 e    35    44    2    22 
 e    35    45    0    8 
 e    35    48    0    8 
 e    35    52    1    13 
 e    35    57    1    20 
 e    35    58    0    1 
 e    35    62    0    7 
 e    35    63    2    21 
 e    35    66    1    20 
 e    36    37    4    50 
 e    36    38    0    2 
 e    36    42    0    19 
 e    36    46    0    10 
 e    36    47    0    9 
 e    36    49    1    21 
 e    36    50    2    22 
 e    36    51    0    9 
 e    36    55    2    3 
 e    36    59    0    9 
 e    36    60    1    13 
 e    36    61    1    14 
 e    36    69    0    6 
 e    36    70    0    3 
 e    36    71    0    2 
 e    37    38    0    1 
 e    37    42    0    13 
 e    37    46    0    3 
 e    37    47    0    11 
 e    37    49    2    4 
 e    37    50    0    5 
 e    37    51    0    9 
 e    37    55    0    35 
 e    37    59    0    9 
 e    37    60    1    8 
 e    37    61    0    9 
 e    37    69    0    2 
 e    37    70    0    5 
 e    37    71    0    6 
 e    38    42    0    16 
 e    38    46    1    19 
 e    38    47    1    8 
 e    38    48    1    6 
 e    38    49    0    3 
 e    38    50    1    16 
 e    38    52    0    1 
 e    38    54    0    18 
 e    38    55    0    2 
 e    38    56    0    6 
 e    38    58    0    14 
 e    38    62    0    21 
 e    38    64    1    3 
 e    38    65    0    2 
 e    38    66    0    2 
 e    38    67    0    39 
 e    38    68    2    33 
 e    39    40    4    50 
 e    39    44    2    19 
 e    39    45    2    4 
 e    39    48    0    7 
 e    39    52    0    6 
 e    39    57    0    12 
 e    39    62    0    3 
 e    39    63    0    9 
 e    39    66    0    28 
 e    40    44    0    21 
 e    40    45    2    25 
 e    40    48    0    6 
 e    40    52    0    3 
 e    40    57    0    11 
 e    40    62    0    5 
 e    40    63    0    4 
 e    40    66    1    13 
 e    41    52    0    7 
 e    41    54    0    7 
 e    41    56    0    8 
 e    41    58    0    3 
 e    41    62    0    2 
 e    41    64    0    7 
 e    41    65    1    11 
 e    41    74    1    15 
 e    42    46    3    44 
 e    42    47    0    39 
 e    42    49    1    4 
 e    42    50    3    21 
 e    42    51    0    2 
 e    42    54    0    2 
 e    42    55    0    2 
 e    42    58    0    4 
 e    42    59    0    1 
 e    42    62    0    1 
 e    42    67    1    14 
 e    42    68    0    16 
 e    43    53    3    13 
 e    43    54    0    1 
 e    43    56    0    7 
 e    43    72    0    8 
 e    43    73    1    14 
 e    44    45    4    50 
 e    44    57    0    2 
 e    44    63    3    32 
 e    44    66    0    4 
 e    45    57    0    2 
 e    45    63    3    14 
 e    45    66    0    3 
 e    46    47    4    50 
 e    46    49    2    3 
 e    46    50    1    6 
 e    46    51    1    11 
 e    46    55    2    12 
 e    46    58    0    1 
 e    46    59    0    2 
 e    46    62    0    1 
 e    46    67    0    11 
 e    46    68    1    12 
 e    47    49    2    35 
 e    47    50    0    1 
 e    47    51    1    7 
 e    47    55    1    20 
 e    47    58    0    2 
 e    47    59    0    4 
 e    47    62    0    1 
 e    47    67    1    7 
 e    47    68    0    19 
 e    48    49    0    5 
 e    48    50    0    4 
 e    48    52    0    20 
 e    48    54    0    1 
 e    48    57    0    11 
 e    48    58    1    25 
 e    48    62    4    14 
 e    48    63    0    1 
 e    48    64    0    9 
 e    48    65    0    2 
 e    48    66    0    16 
 e    48    67    0    6 
 e    48    68    0    3 
 e    49    50    4    50 
 e    49    51    0    3 
 e    49    55    0    28 
 e    49    58    0    3 
 e    49    60    0    9 
 e    49    61    0    2 
 e    49    62    0    3 
 e    49    66    0    1 
 e    49    67    0    5 
 e    49    68    0    5 
 e    50    51    0    5 
 e    50    55    1    1 
 e    50    58    0    5 
 e    50    60    0    4 
 e    50    61    0    7 
 e    50    62    0    5 
 e    50    66    0    5 
 e    50    67    0    8 
 e    50    68    0    4 
 e    51    55    0    10 
 e    51    59    2    31 
 e    51    69    2    30 
 e    51    70    1    26 
 e    51    71    1    6 
 e    52    57    2    19 
 e    52    58    1    3 
 e    52    62    1    12 
 e    52    64    0    2 
 e    52    65    0    8 
 e    52    66    0    1 
 e    53    54    0    3 
 e    53    56    0    3 
 e    53    72    0    3 
 e    53    73    1    1 
 e    54    56    1    5 
 e    54    58    0    9 
 e    54    62    0    1 
 e    54    64    0    22 
 e    54    65    2    36 
 e    54    67    1    27 
 e    54    68    2    12 
 e    55    59    0    3 
 e    55    60    1    19 
 e    55    61    0    4 
 e    55    66    0    5 
 e    55    67    0    1 
 e    55    68    0    1 
 e    56    58    0    7 
 e    56    64    1    13 
 e    56    65    0    5 
 e    56    67    1    13 
 e    56    68    1    8 
 e    57    58    0    1 
 e    57    62    0    2 
 e    57    63    0    1 
 e    57    66    0    2 
 e    58    62    1    26 
 e    58    64    1    3 
 e    58    65    0    10 
 e    58    66    0    1 
 e    58    67    0    3 
 e    58    68    0    6 
 e    59    69    1    14 
 e    59    70    1    35 
 e    59    71    4    6 
 e    60    61    4    50 
 e    60    66    0    6 
 e    61    66    0    1 
 e    62    64    0    9 
 e    62    65    1    8 
 e    62    66    0    8 
 e    62    67    1    9 
 e    62    68    0    3 
 e    63    66    2    7 
 e    64    65    4    50 
 e    64    67    0    28 
 e    64    68    1    1 
 e    65    67    2    18 
 e    65    68    0    21 
 e    67    68    4    50 
 e    69    70    4    50 
 e    69    71    4    50 
 e    70    71    4    50 
 e    72    73    3    26 
