 p    band 45   482 
 e    0    1    1    1  
 e    0    2    0    1  
 e    0    3    0    1  
 e    0    4    1    1  
 e    0    5    1    1  
 e    0    6    1    1  
 e    0    7    0    1  
 e    0    10    0    1  
 e    0    12    0    1  
 e    0    17    0    1  
 e    0    28    0    1  
 e    1    2    1    1  
 e    1    3    0    1  
 e    1    4    1    1  
 e    1    5    0    1  
 e    1    6    0    1  
 e    1    7    1    1  
 e    1    10    0    1  
 e    1    12    0    1  
 e    1    17    0    1  
 e    1    28    0    1  
 e    2    3    1    1  
 e    2    4    1    1  
 e    2    5    0    1  
 e    2    6    0    1  
 e    2    7    1    1  
 e    2    9    0    1  
 e    2    10    1    1  
 e    2    11    0    1  
 e    2    12    0    1  
 e    2    13    0    1  
 e    2    17    0    1  
 e    2    18    0    1  
 e    2    28    0    1  
 e    3    4    0    1  
 e    3    5    0    1  
 e    3    6    0    1  
 e    3    7    0    1  
 e    3    8    0    1  
 e    3    9    1    1  
 e    3    10    1    1  
 e    3    11    1    1  
 e    3    12    0    1  
 e    3    13    0    1  
 e    3    14    0    1  
 e    3    15    0    1  
 e    3    17    0    1  
 e    3    18    0    1  
 e    4    5    1    1  
 e    4    6    1    1  
 e    4    7    1    1  
 e    4    10    0    1  
 e    4    11    0    1  
 e    4    12    1    1  
 e    4    13    0    1  
 e    4    16    0    1  
 e    4    17    1    1  
 e    4    19    0    1  
 e    4    21    0    1  
 e    4    22    0    1  
 e    4    23    0    1  
 e    4    24    0    1  
 e    4    25    0    1  
 e    4    27    0    1  
 e    4    28    0    1  
 e    4    30    0    1  
 e    5    6    1    1  
 e    5    7    1    1  
 e    5    10    0    1  
 e    5    11    0    1  
 e    5    12    1    1  
 e    5    13    0    1  
 e    5    16    0    1  
 e    5    17    1    1  
 e    5    19    0    1  
 e    5    21    0    1  
 e    5    22    0    1  
 e    5    23    0    1  
 e    5    24    0    1  
 e    5    25    0    1  
 e    5    27    0    1  
 e    5    28    0    1  
 e    5    30    0    1  
 e    5    31    0    1  
 e    5    33    0    1  
 e    6    7    1    1  
 e    6    10    0    1  
 e    6    11    0    1  
 e    6    12    1    1  
 e    6    13    0    1  
 e    6    16    0    1  
 e    6    17    1    1  
 e    6    19    0    1  
 e    6    21    0    1  
 e    6    22    0    1  
 e    6    23    0    1  
 e    6    24    0    1  
 e    6    25    0    1  
 e    6    27    0    1  
 e    6    28    0    1  
 e    6    30    0    1  
 e    6    31    0    1  
 e    6    33    0    1  
 e    6    34    0    1  
 e    6    38    0    1  
 e    7    10    1    1  
 e    7    11    0    1  
 e    7    12    1    1  
 e    7    13    0    1  
 e    7    16    0    1  
 e    7    17    0    1  
 e    7    18    0    1  
 e    7    19    0    1  
 e    7    21    0    1  
 e    7    22    0    1  
 e    7    23    0    1  
 e    7    24    0    1  
 e    7    25    0    1  
 e    7    27    0    1  
 e    7    28    0    1  
 e    7    30    0    1  
 e    8    9    1    1  
 e    8    11    0    1  
 e    8    13    0    1  
 e    8    14    1    1  
 e    8    15    1    1  
 e    8    18    0    1  
 e    8    20    0    1  
 e    8    26    0    1  
 e    8    29    0    1  
 e    9    10    0    1  
 e    9    11    1    1  
 e    9    13    0    1  
 e    9    14    1    1  
 e    9    15    1    1  
 e    9    16    0    1  
 e    9    18    0    1  
 e    9    20    0    1  
 e    9    21    0    1  
 e    9    22    0    1  
 e    9    26    0    1  
 e    9    29    0    1  
 e    10    11    1    1  
 e    10    12    1    1  
 e    10    13    1    1  
 e    10    14    0    1  
 e    10    15    0    1  
 e    10    16    0    1  
 e    10    17    0    1  
 e    10    18    0    1  
 e    10    19    0    1  
 e    10    20    0    1  
 e    10    21    0    1  
 e    10    22    0    1  
 e    10    23    0    1  
 e    10    24    0    1  
 e    10    28    0    1  
 e    11    12    0    1  
 e    11    13    1    1  
 e    11    14    1    1  
 e    11    15    0    1  
 e    11    16    0    1  
 e    11    17    0    1  
 e    11    18    1    1  
 e    11    19    0    1  
 e    11    20    0    1  
 e    11    21    0    1  
 e    11    22    0    1  
 e    11    23    0    1  
 e    11    24    0    1  
 e    11    26    0    1  
 e    11    29    0    1  
 e    11    31    0    1  
 e    11    32    0    1  
 e    12    13    1    1  
 e    12    14    0    1  
 e    12    16    0    1  
 e    12    17    1    1  
 e    12    18    0    1  
 e    12    19    1    1  
 e    12    21    0    1  
 e    12    22    0    1  
 e    12    23    1    1  
 e    12    24    1    1  
 e    12    25    0    1  
 e    12    27    0    1  
 e    12    28    0    1  
 e    12    30    0    1  
 e    12    31    0    1  
 e    12    33    0    1  
 e    12    38    0    1  
 e    13    14    0    1  
 e    13    15    0    1  
 e    13    16    1    1  
 e    13    17    0    1  
 e    13    18    1    1  
 e    13    19    1    1  
 e    13    20    1    1  
 e    13    21    0    1  
 e    13    22    0    1  
 e    13    23    0    1  
 e    13    24    0    1  
 e    13    26    0    1  
 e    13    28    0    1  
 e    13    29    0    1  
 e    13    31    0    1  
 e    13    32    0    1  
 e    13    34    0    1  
 e    13    36    0    1  
 e    14    15    1    1  
 e    14    16    0    1  
 e    14    18    1    1  
 e    14    19    0    1  
 e    14    20    0    1  
 e    14    21    0    1  
 e    14    22    0    1  
 e    14    24    0    1  
 e    14    26    1    1  
 e    14    29    1    1  
 e    14    31    0    1  
 e    14    32    0    1  
 e    14    35    0    1  
 e    15    16    0    1  
 e    15    18    1    1  
 e    15    20    0    1  
 e    15    26    1    1  
 e    15    29    1    1  
 e    15    32    0    1  
 e    15    35    0    1  
 e    16    17    0    1  
 e    16    18    1    1  
 e    16    19    1    1  
 e    16    20    1    1  
 e    16    21    1    1  
 e    16    22    1    1  
 e    16    23    0    1  
 e    16    24    0    1  
 e    16    28    0    1  
 e    16    29    0    1  
 e    16    31    1    1  
 e    16    32    0    1  
 e    16    33    0    1  
 e    16    34    0    1  
 e    16    36    0    1  
 e    16    42    0    1  
 e    17    19    0    1  
 e    17    21    0    1  
 e    17    22    0    1  
 e    17    23    1    1  
 e    17    24    0    1  
 e    17    25    1    1  
 e    17    27    1    1  
 e    17    28    1    1  
 e    17    30    0    1  
 e    17    31    0    1  
 e    17    33    0    1  
 e    17    34    0    1  
 e    17    38    0    1  
 e    17    44    0    1  
 e    18    19    0    1  
 e    18    20    1    1  
 e    18    21    0    1  
 e    18    22    0    1  
 e    18    23    0    1  
 e    18    24    0    1  
 e    18    26    1    1  
 e    18    29    1    1  
 e    18    31    0    1  
 e    18    32    0    1  
 e    18    34    0    1  
 e    18    35    0    1  
 e    18    36    0    1  
 e    18    37    0    1  
 e    19    20    0    1  
 e    19    21    1    1  
 e    19    22    1    1  
 e    19    23    1    1  
 e    19    24    1    1  
 e    19    25    0    1  
 e    19    27    0    1  
 e    19    28    0    1  
 e    19    30    0    1  
 e    19    31    0    1  
 e    19    32    0    1  
 e    19    33    0    1  
 e    19    34    0    1  
 e    19    36    0    1  
 e    19    38    0    1  
 e    19    42    0    1  
 e    20    21    1    1  
 e    20    22    1    1  
 e    20    23    0    1  
 e    20    24    0    1  
 e    20    26    0    1  
 e    20    29    1    1  
 e    20    31    1    1  
 e    20    32    1    1  
 e    20    34    0    1  
 e    20    35    0    1  
 e    20    36    0    1  
 e    20    37    0    1  
 e    20    42    0    1  
 e    21    22    1    1  
 e    21    23    0    1  
 e    21    24    1    1  
 e    21    25    0    1  
 e    21    27    0    1  
 e    21    28    0    1  
 e    21    29    0    1  
 e    21    30    0    1  
 e    21    31    1    1  
 e    21    32    0    1  
 e    21    33    0    1  
 e    21    34    0    1  
 e    21    36    0    1  
 e    21    38    0    1  
 e    21    42    0    1  
 e    22    23    0    1  
 e    22    24    1    1  
 e    22    25    0    1  
 e    22    27    0    1  
 e    22    28    0    1  
 e    22    29    0    1  
 e    22    30    0    1  
 e    22    31    1    1  
 e    22    32    0    1  
 e    22    33    0    1  
 e    22    34    0    1  
 e    22    36    0    1  
 e    22    38    0    1  
 e    22    42    0    1  
 e    23    24    1    1  
 e    23    25    1    1  
 e    23    27    1    1  
 e    23    28    0    1  
 e    23    30    0    1  
 e    23    31    0    1  
 e    23    32    0    1  
 e    23    33    1    1  
 e    23    34    0    1  
 e    23    36    0    1  
 e    23    38    0    1  
 e    23    42    0    1  
 e    23    44    0    1  
 e    24    25    0    1  
 e    24    27    0    1  
 e    24    28    0    1  
 e    24    30    0    1  
 e    24    31    1    1  
 e    24    32    0    1  
 e    24    33    1    1  
 e    24    34    0    1  
 e    24    36    0    1  
 e    24    38    0    1  
 e    24    42    0    1  
 e    24    44    0    1  
 e    25    27    1    1  
 e    25    28    1    1  
 e    25    30    0    1  
 e    25    31    0    1  
 e    25    33    1    1  
 e    25    34    0    1  
 e    25    36    0    1  
 e    25    38    0    1  
 e    25    42    0    1  
 e    25    44    0    1  
 e    26    29    1    1  
 e    26    32    0    1  
 e    26    35    1    1  
 e    26    37    0    1  
 e    26    40    0    1  
 e    27    28    1    1  
 e    27    30    1    1  
 e    27    31    0    1  
 e    27    33    1    1  
 e    27    34    0    1  
 e    27    36    0    1  
 e    27    38    0    1  
 e    27    39    0    1  
 e    27    41    0    1  
 e    27    42    0    1  
 e    27    44    0    1  
 e    28    30    1    1  
 e    28    33    0    1  
 e    28    34    0    1  
 e    28    38    1    1  
 e    28    44    0    1  
 e    29    31    0    1  
 e    29    32    1    1  
 e    29    35    1    1  
 e    29    36    0    1  
 e    29    37    0    1  
 e    29    40    0    1  
 e    30    31    0    1  
 e    30    33    1    1  
 e    30    34    1    1  
 e    30    36    0    1  
 e    30    38    1    1  
 e    30    39    0    1  
 e    30    41    0    1  
 e    30    42    0    1  
 e    30    43    0    1  
 e    30    44    1    1  
 e    31    32    1    1  
 e    31    33    1    1  
 e    31    34    1    1  
 e    31    35    0    1  
 e    31    36    1    1  
 e    31    37    1    1  
 e    31    38    0    1  
 e    31    39    0    1  
 e    31    40    0    1  
 e    31    41    0    1  
 e    31    42    0    1  
 e    31    43    0    1  
 e    31    44    0    1  
 e    32    33    0    1  
 e    32    34    0    1  
 e    32    35    1    1  
 e    32    36    1    1  
 e    32    37    1    1  
 e    32    39    0    1  
 e    32    40    0    1  
 e    32    41    0    1  
 e    32    42    0    1  
 e    32    43    0    1  
 e    33    34    1    1  
 e    33    36    1    1  
 e    33    37    0    1  
 e    33    38    1    1  
 e    33    39    0    1  
 e    33    40    0    1  
 e    33    41    0    1  
 e    33    42    0    1  
 e    33    43    0    1  
 e    33    44    0    1  
 e    34    35    0    1  
 e    34    36    1    1  
 e    34    37    0    1  
 e    34    38    1    1  
 e    34    39    1    1  
 e    34    40    0    1  
 e    34    41    0    1  
 e    34    42    1    1  
 e    34    43    0    1  
 e    34    44    0    1  
 e    35    36    0    1  
 e    35    37    1    1  
 e    35    40    1    1  
 e    35    42    0    1  
 e    36    37    1    1  
 e    36    38    0    1  
 e    36    39    0    1  
 e    36    40    1    1  
 e    36    41    0    1  
 e    36    42    1    1  
 e    36    43    0    1  
 e    36    44    0    1  
 e    37    39    0    1  
 e    37    40    1    1  
 e    37    41    0    1  
 e    37    42    1    1  
 e    37    43    0    1  
 e    38    39    1    1  
 e    38    41    1    1  
 e    38    42    0    1  
 e    38    43    0    1  
 e    38    44    1    1  
 e    39    40    0    1  
 e    39    41    1    1  
 e    39    42    1    1  
 e    39    43    1    1  
 e    39    44    1    1  
 e    40    41    0    1  
 e    40    42    0    1  
 e    40    43    0    1  
 e    41    42    1    1  
 e    41    43    1    1  
 e    41    44    1    1  
 e    42    43    1    1  
 e    42    44    0    1  
 e    43    44    0    1  
