 p    band 95   2298 
 e    0    1    1    1  
 e    0    2    0    1  
 e    0    3    0    1  
 e    0    4    1    1  
 e    0    5    1    1  
 e    0    6    1    1  
 e    0    7    0    1  
 e    0    10    0    1  
 e    0    12    0    1  
 e    0    19    0    1  
 e    0    31    0    1  
 e    0    72    0    1  
 e    1    2    1    1  
 e    1    3    0    1  
 e    1    4    1    1  
 e    1    5    0    1  
 e    1    6    0    1  
 e    1    7    1    1  
 e    1    10    0    1  
 e    1    12    0    1  
 e    1    19    0    1  
 e    1    31    0    1  
 e    1    72    0    1  
 e    2    3    1    1  
 e    2    4    1    1  
 e    2    5    0    1  
 e    2    6    0    1  
 e    2    7    1    1  
 e    2    9    0    1  
 e    2    10    1    1  
 e    2    11    0    1  
 e    2    12    0    1  
 e    2    13    0    1  
 e    2    14    0    1  
 e    2    15    0    1  
 e    2    16    0    1  
 e    2    19    0    1  
 e    2    31    0    1  
 e    2    72    0    1  
 e    3    4    0    1  
 e    3    5    0    1  
 e    3    6    0    1  
 e    3    7    0    1  
 e    3    8    0    1  
 e    3    9    1    1  
 e    3    10    1    1  
 e    3    11    1    1  
 e    3    12    0    1  
 e    3    13    0    1  
 e    3    14    0    1  
 e    3    15    0    1  
 e    3    16    0    1  
 e    3    17    0    1  
 e    3    18    0    1  
 e    3    19    0    1  
 e    3    20    0    1  
 e    3    21    0    1  
 e    3    23    0    1  
 e    3    30    0    1  
 e    3    36    0    1  
 e    4    5    1    1  
 e    4    6    1    1  
 e    4    7    1    1  
 e    4    10    0    1  
 e    4    11    0    1  
 e    4    12    1    1  
 e    4    13    0    1  
 e    4    14    0    1  
 e    4    15    0    1  
 e    4    16    0    1  
 e    4    19    1    1  
 e    4    20    0    1  
 e    4    21    0    1  
 e    4    22    0    1  
 e    4    24    0    1  
 e    4    25    0    1  
 e    4    26    0    1  
 e    4    27    0    1  
 e    4    28    0    1  
 e    4    31    1    1  
 e    4    32    0    1  
 e    4    33    0    1  
 e    4    34    0    1  
 e    4    37    0    1  
 e    4    38    0    1  
 e    4    39    0    1  
 e    4    41    0    1  
 e    4    42    0    1  
 e    4    43    0    1  
 e    4    44    0    1  
 e    4    45    0    1  
 e    4    46    0    1  
 e    4    47    0    1  
 e    4    49    0    1  
 e    4    50    0    1  
 e    4    51    0    1  
 e    4    52    0    1  
 e    4    53    0    1  
 e    4    58    0    1  
 e    4    59    0    1  
 e    4    61    0    1  
 e    4    62    0    1  
 e    4    66    0    1  
 e    4    69    0    1  
 e    4    72    0    1  
 e    4    73    0    1  
 e    4    74    0    1  
 e    4    76    0    1  
 e    4    79    0    1  
 e    5    6    1    1  
 e    5    7    1    1  
 e    5    10    0    1  
 e    5    11    0    1  
 e    5    12    1    1  
 e    5    13    0    1  
 e    5    14    0    1  
 e    5    15    0    1  
 e    5    16    0    1  
 e    5    19    1    1  
 e    5    20    0    1  
 e    5    21    0    1  
 e    5    22    0    1  
 e    5    23    0    1  
 e    5    24    0    1  
 e    5    25    0    1  
 e    5    26    0    1  
 e    5    27    0    1  
 e    5    28    0    1  
 e    5    31    1    1  
 e    5    32    0    1  
 e    5    33    0    1  
 e    5    34    0    1  
 e    5    37    0    1  
 e    5    38    0    1  
 e    5    39    0    1  
 e    5    41    0    1  
 e    5    42    0    1  
 e    5    43    0    1  
 e    5    44    0    1  
 e    5    45    0    1  
 e    5    46    0    1  
 e    5    47    0    1  
 e    5    49    0    1  
 e    5    50    0    1  
 e    5    51    0    1  
 e    5    52    0    1  
 e    5    53    0    1  
 e    5    54    0    1  
 e    5    58    0    1  
 e    5    59    0    1  
 e    5    60    0    1  
 e    5    61    0    1  
 e    5    62    0    1  
 e    5    66    0    1  
 e    5    68    0    1  
 e    5    69    0    1  
 e    5    70    0    1  
 e    5    71    0    1  
 e    5    72    0    1  
 e    5    73    0    1  
 e    5    74    0    1  
 e    5    76    0    1  
 e    5    77    0    1  
 e    5    79    0    1  
 e    5    80    0    1  
 e    5    83    0    1  
 e    6    7    1    1  
 e    6    10    0    1  
 e    6    11    0    1  
 e    6    12    1    1  
 e    6    13    0    1  
 e    6    14    0    1  
 e    6    15    0    1  
 e    6    16    0    1  
 e    6    19    1    1  
 e    6    20    0    1  
 e    6    21    0    1  
 e    6    22    0    1  
 e    6    23    0    1  
 e    6    24    0    1  
 e    6    25    0    1  
 e    6    26    0    1  
 e    6    27    0    1  
 e    6    28    0    1  
 e    6    31    1    1  
 e    6    32    0    1  
 e    6    33    0    1  
 e    6    34    0    1  
 e    6    37    0    1  
 e    6    38    0    1  
 e    6    39    0    1  
 e    6    41    0    1  
 e    6    42    0    1  
 e    6    43    0    1  
 e    6    44    0    1  
 e    6    45    0    1  
 e    6    46    0    1  
 e    6    47    0    1  
 e    6    49    0    1  
 e    6    50    0    1  
 e    6    51    0    1  
 e    6    52    0    1  
 e    6    53    0    1  
 e    6    54    0    1  
 e    6    55    0    1  
 e    6    58    0    1  
 e    6    59    0    1  
 e    6    60    0    1  
 e    6    61    0    1  
 e    6    62    0    1  
 e    6    63    0    1  
 e    6    66    0    1  
 e    6    68    0    1  
 e    6    69    0    1  
 e    6    70    0    1  
 e    6    71    0    1  
 e    6    72    0    1  
 e    6    73    0    1  
 e    6    74    0    1  
 e    6    76    0    1  
 e    6    77    0    1  
 e    6    78    0    1  
 e    6    79    0    1  
 e    6    80    0    1  
 e    6    83    0    1  
 e    6    84    0    1  
 e    6    88    0    1  
 e    7    10    1    1  
 e    7    11    0    1  
 e    7    12    1    1  
 e    7    13    0    1  
 e    7    14    0    1  
 e    7    15    0    1  
 e    7    16    0    1  
 e    7    19    0    1  
 e    7    20    0    1  
 e    7    21    0    1  
 e    7    22    0    1  
 e    7    24    0    1  
 e    7    25    0    1  
 e    7    26    0    1  
 e    7    27    0    1  
 e    7    28    0    1  
 e    7    31    0    1  
 e    7    32    0    1  
 e    7    33    0    1  
 e    7    34    0    1  
 e    7    37    0    1  
 e    7    38    0    1  
 e    7    39    0    1  
 e    7    41    0    1  
 e    7    42    0    1  
 e    7    43    0    1  
 e    7    44    0    1  
 e    7    45    0    1  
 e    7    46    0    1  
 e    7    47    0    1  
 e    7    49    0    1  
 e    7    50    0    1  
 e    7    51    0    1  
 e    7    52    0    1  
 e    7    53    0    1  
 e    7    58    0    1  
 e    7    59    0    1  
 e    7    61    0    1  
 e    7    62    0    1  
 e    7    66    0    1  
 e    7    69    0    1  
 e    7    72    0    1  
 e    7    73    0    1  
 e    7    74    0    1  
 e    7    76    0    1  
 e    7    79    0    1  
 e    8    9    1    1  
 e    8    11    0    1  
 e    8    14    0    1  
 e    8    16    0    1  
 e    8    17    1    1  
 e    8    18    1    1  
 e    8    21    0    1  
 e    8    23    0    1  
 e    8    27    0    1  
 e    8    28    0    1  
 e    8    29    0    1  
 e    8    30    0    1  
 e    8    35    0    1  
 e    8    36    0    1  
 e    8    40    0    1  
 e    8    44    0    1  
 e    8    48    0    1  
 e    8    54    0    1  
 e    8    56    0    1  
 e    8    57    0    1  
 e    8    64    0    1  
 e    8    65    0    1  
 e    8    67    0    1  
 e    8    75    0    1  
 e    9    10    0    1  
 e    9    11    1    1  
 e    9    13    0    1  
 e    9    14    0    1  
 e    9    15    0    1  
 e    9    16    0    1  
 e    9    17    1    1  
 e    9    18    1    1  
 e    9    20    0    1  
 e    9    21    0    1  
 e    9    22    0    1  
 e    9    23    0    1  
 e    9    26    0    1  
 e    9    27    0    1  
 e    9    28    0    1  
 e    9    29    0    1  
 e    9    30    0    1  
 e    9    33    0    1  
 e    9    34    0    1  
 e    9    35    0    1  
 e    9    36    0    1  
 e    9    37    0    1  
 e    9    39    0    1  
 e    9    40    0    1  
 e    9    43    0    1  
 e    9    44    0    1  
 e    9    46    0    1  
 e    9    47    0    1  
 e    9    48    0    1  
 e    9    50    0    1  
 e    9    53    0    1  
 e    9    54    0    1  
 e    9    55    0    1  
 e    9    56    0    1  
 e    9    57    0    1  
 e    9    59    0    1  
 e    9    60    0    1  
 e    9    63    0    1  
 e    9    64    0    1  
 e    9    65    0    1  
 e    9    67    0    1  
 e    9    75    0    1  
 e    10    11    1    1  
 e    10    12    1    1  
 e    10    13    1    1  
 e    10    14    1    1  
 e    10    15    0    1  
 e    10    16    1    1  
 e    10    17    0    1  
 e    10    19    0    1  
 e    10    20    0    1  
 e    10    21    0    1  
 e    10    22    0    1  
 e    10    23    0    1  
 e    10    24    0    1  
 e    10    25    0    1  
 e    10    26    0    1  
 e    10    27    0    1  
 e    10    28    0    1  
 e    10    29    0    1  
 e    10    30    0    1  
 e    10    31    0    1  
 e    10    32    0    1  
 e    10    33    0    1  
 e    10    34    0    1  
 e    10    35    0    1  
 e    10    36    0    1  
 e    10    37    0    1  
 e    10    38    0    1  
 e    10    39    0    1  
 e    10    40    0    1  
 e    10    41    0    1  
 e    10    42    0    1  
 e    10    43    0    1  
 e    10    44    0    1  
 e    10    45    0    1  
 e    10    46    0    1  
 e    10    47    0    1  
 e    10    48    0    1  
 e    10    49    0    1  
 e    10    50    0    1  
 e    10    51    0    1  
 e    10    53    0    1  
 e    10    54    0    1  
 e    10    55    0    1  
 e    10    56    0    1  
 e    10    59    0    1  
 e    10    60    0    1  
 e    10    63    0    1  
 e    10    64    0    1  
 e    10    65    0    1  
 e    10    72    0    1  
 e    11    12    0    1  
 e    11    13    0    1  
 e    11    14    1    1  
 e    11    15    0    1  
 e    11    16    0    1  
 e    11    17    1    1  
 e    11    18    0    1  
 e    11    19    0    1  
 e    11    20    0    1  
 e    11    21    0    1  
 e    11    22    0    1  
 e    11    23    1    1  
 e    11    24    0    1  
 e    11    25    0    1  
 e    11    26    0    1  
 e    11    27    0    1  
 e    11    28    0    1  
 e    11    29    1    1  
 e    11    30    1    1  
 e    11    31    0    1  
 e    11    32    0    1  
 e    11    33    0    1  
 e    11    34    0    1  
 e    11    35    0    1  
 e    11    36    1    1  
 e    11    37    0    1  
 e    11    38    0    1  
 e    11    39    0    1  
 e    11    40    0    1  
 e    11    42    0    1  
 e    11    43    0    1  
 e    11    44    0    1  
 e    11    45    0    1  
 e    11    46    0    1  
 e    11    47    0    1  
 e    11    48    0    1  
 e    11    49    0    1  
 e    11    50    0    1  
 e    11    51    0    1  
 e    11    53    0    1  
 e    11    54    0    1  
 e    11    55    0    1  
 e    11    56    0    1  
 e    11    57    0    1  
 e    11    58    0    1  
 e    11    59    0    1  
 e    11    60    0    1  
 e    11    63    0    1  
 e    11    64    0    1  
 e    11    65    0    1  
 e    11    66    0    1  
 e    11    67    0    1  
 e    11    68    0    1  
 e    11    70    0    1  
 e    11    71    0    1  
 e    11    75    0    1  
 e    11    77    0    1  
 e    11    78    0    1  
 e    11    80    0    1  
 e    11    81    0    1  
 e    11    82    0    1  
 e    12    13    1    1  
 e    12    14    0    1  
 e    12    15    1    1  
 e    12    16    0    1  
 e    12    17    0    1  
 e    12    19    1    1  
 e    12    20    0    1  
 e    12    21    0    1  
 e    12    22    0    1  
 e    12    23    0    1  
 e    12    24    1    1  
 e    12    25    0    1  
 e    12    26    0    1  
 e    12    27    0    1  
 e    12    28    0    1  
 e    12    30    0    1  
 e    12    31    1    1  
 e    12    32    0    1  
 e    12    33    0    1  
 e    12    34    0    1  
 e    12    37    0    1  
 e    12    38    0    1  
 e    12    39    0    1  
 e    12    41    0    1  
 e    12    42    0    1  
 e    12    43    0    1  
 e    12    44    0    1  
 e    12    45    0    1  
 e    12    46    0    1  
 e    12    47    0    1  
 e    12    49    0    1  
 e    12    50    0    1  
 e    12    51    0    1  
 e    12    52    0    1  
 e    12    53    0    1  
 e    12    54    0    1  
 e    12    58    0    1  
 e    12    59    0    1  
 e    12    60    0    1  
 e    12    61    0    1  
 e    12    62    0    1  
 e    12    66    0    1  
 e    12    68    0    1  
 e    12    69    0    1  
 e    12    70    0    1  
 e    12    72    0    1  
 e    12    73    0    1  
 e    12    74    0    1  
 e    12    76    0    1  
 e    12    77    0    1  
 e    12    79    0    1  
 e    12    80    0    1  
 e    12    88    0    1  
 e    13    14    1    1  
 e    13    15    1    1  
 e    13    16    1    1  
 e    13    17    0    1  
 e    13    19    0    1  
 e    13    20    0    1  
 e    13    21    0    1  
 e    13    22    0    1  
 e    13    23    0    1  
 e    13    24    1    1  
 e    13    25    0    1  
 e    13    26    0    1  
 e    13    27    0    1  
 e    13    28    0    1  
 e    13    29    0    1  
 e    13    30    0    1  
 e    13    31    0    1  
 e    13    32    0    1  
 e    13    33    0    1  
 e    13    34    0    1  
 e    13    35    0    1  
 e    13    36    0    1  
 e    13    37    0    1  
 e    13    38    0    1  
 e    13    39    0    1  
 e    13    40    0    1  
 e    13    41    0    1  
 e    13    42    0    1  
 e    13    43    0    1  
 e    13    44    0    1  
 e    13    45    0    1  
 e    13    46    0    1  
 e    13    47    0    1  
 e    13    48    0    1  
 e    13    49    0    1  
 e    13    50    0    1  
 e    13    51    0    1  
 e    13    53    0    1  
 e    13    54    0    1  
 e    13    55    0    1  
 e    13    56    0    1  
 e    13    59    0    1  
 e    13    60    0    1  
 e    13    72    0    1  
 e    14    15    0    1  
 e    14    16    1    1  
 e    14    17    1    1  
 e    14    18    0    1  
 e    14    19    0    1  
 e    14    20    0    1  
 e    14    21    1    1  
 e    14    22    1    1  
 e    14    23    1    1  
 e    14    24    0    1  
 e    14    25    0    1  
 e    14    26    0    1  
 e    14    27    0    1  
 e    14    28    1    1  
 e    14    29    1    1  
 e    14    30    1    1  
 e    14    31    0    1  
 e    14    32    0    1  
 e    14    33    0    1  
 e    14    34    0    1  
 e    14    35    0    1  
 e    14    36    1    1  
 e    14    37    0    1  
 e    14    38    0    1  
 e    14    39    0    1  
 e    14    40    0    1  
 e    14    42    0    1  
 e    14    43    0    1  
 e    14    44    0    1  
 e    14    45    0    1  
 e    14    46    0    1  
 e    14    47    0    1  
 e    14    48    0    1  
 e    14    49    0    1  
 e    14    50    0    1  
 e    14    51    0    1  
 e    14    53    0    1  
 e    14    54    0    1  
 e    14    55    0    1  
 e    14    56    0    1  
 e    14    57    0    1  
 e    14    58    0    1  
 e    14    59    0    1  
 e    14    60    0    1  
 e    14    63    0    1  
 e    14    64    0    1  
 e    14    65    0    1  
 e    14    66    0    1  
 e    14    67    0    1  
 e    14    68    0    1  
 e    14    70    0    1  
 e    14    71    0    1  
 e    14    75    0    1  
 e    14    77    0    1  
 e    14    78    0    1  
 e    14    80    0    1  
 e    14    81    0    1  
 e    14    82    0    1  
 e    15    16    1    1  
 e    15    17    0    1  
 e    15    19    0    1  
 e    15    20    1    1  
 e    15    21    0    1  
 e    15    22    0    1  
 e    15    23    0    1  
 e    15    24    1    1  
 e    15    25    1    1  
 e    15    26    1    1  
 e    15    30    0    1  
 e    15    31    0    1  
 e    15    32    0    1  
 e    15    33    0    1  
 e    15    34    0    1  
 e    15    36    0    1  
 e    15    37    0    1  
 e    15    38    0    1  
 e    15    39    0    1  
 e    15    41    0    1  
 e    15    42    0    1  
 e    15    45    0    1  
 e    15    46    0    1  
 e    15    49    0    1  
 e    15    50    0    1  
 e    15    51    0    1  
 e    15    58    0    1  
 e    15    72    0    1  
 e    16    17    0    1  
 e    16    18    0    1  
 e    16    19    0    1  
 e    16    20    1    1  
 e    16    21    1    1  
 e    16    22    1    1  
 e    16    23    0    1  
 e    16    24    0    1  
 e    16    25    0    1  
 e    16    26    0    1  
 e    16    27    1    1  
 e    16    28    0    1  
 e    16    29    0    1  
 e    16    30    0    1  
 e    16    31    0    1  
 e    16    32    0    1  
 e    16    33    0    1  
 e    16    34    0    1  
 e    16    35    0    1  
 e    16    36    0    1  
 e    16    37    0    1  
 e    16    38    0    1  
 e    16    39    0    1  
 e    16    40    0    1  
 e    16    42    0    1  
 e    16    43    0    1  
 e    16    44    0    1  
 e    16    45    0    1  
 e    16    46    0    1  
 e    16    47    0    1  
 e    16    49    0    1  
 e    16    50    0    1  
 e    16    51    0    1  
 e    16    53    0    1  
 e    16    54    0    1  
 e    16    72    0    1  
 e    17    18    1    1  
 e    17    20    0    1  
 e    17    21    0    1  
 e    17    22    0    1  
 e    17    23    1    1  
 e    17    24    0    1  
 e    17    25    0    1  
 e    17    26    0    1  
 e    17    27    0    1  
 e    17    28    0    1  
 e    17    29    1    1  
 e    17    30    1    1  
 e    17    32    0    1  
 e    17    33    0    1  
 e    17    34    0    1  
 e    17    35    0    1  
 e    17    36    1    1  
 e    17    37    0    1  
 e    17    38    0    1  
 e    17    39    0    1  
 e    17    40    0    1  
 e    17    42    0    1  
 e    17    43    0    1  
 e    17    44    0    1  
 e    17    45    0    1  
 e    17    46    0    1  
 e    17    47    0    1  
 e    17    48    0    1  
 e    17    49    0    1  
 e    17    50    0    1  
 e    17    51    0    1  
 e    17    53    0    1  
 e    17    54    0    1  
 e    17    55    0    1  
 e    17    56    0    1  
 e    17    57    1    1  
 e    17    58    0    1  
 e    17    59    0    1  
 e    17    60    0    1  
 e    17    63    0    1  
 e    17    64    0    1  
 e    17    65    0    1  
 e    17    66    0    1  
 e    17    67    0    1  
 e    17    68    0    1  
 e    17    70    0    1  
 e    17    71    0    1  
 e    17    75    0    1  
 e    17    77    0    1  
 e    17    78    0    1  
 e    17    80    0    1  
 e    17    81    0    1  
 e    17    82    0    1  
 e    17    85    0    1  
 e    18    21    0    1  
 e    18    23    0    1  
 e    18    27    0    1  
 e    18    28    0    1  
 e    18    29    0    1  
 e    18    30    0    1  
 e    18    35    0    1  
 e    18    36    1    1  
 e    18    40    0    1  
 e    18    44    0    1  
 e    18    48    0    1  
 e    18    54    0    1  
 e    18    56    0    1  
 e    18    57    1    1  
 e    18    64    0    1  
 e    18    65    0    1  
 e    18    67    1    1  
 e    18    75    0    1  
 e    18    82    0    1  
 e    18    85    0    1  
 e    19    20    0    1  
 e    19    21    0    1  
 e    19    22    0    1  
 e    19    23    0    1  
 e    19    24    1    1  
 e    19    25    0    1  
 e    19    26    0    1  
 e    19    27    0    1  
 e    19    28    0    1  
 e    19    31    1    1  
 e    19    32    1    1  
 e    19    33    0    1  
 e    19    34    0    1  
 e    19    37    0    1  
 e    19    38    0    1  
 e    19    39    0    1  
 e    19    41    1    1  
 e    19    42    0    1  
 e    19    43    0    1  
 e    19    44    0    1  
 e    19    45    0    1  
 e    19    46    0    1  
 e    19    47    0    1  
 e    19    49    0    1  
 e    19    50    0    1  
 e    19    51    0    1  
 e    19    52    0    1  
 e    19    53    0    1  
 e    19    54    0    1  
 e    19    58    0    1  
 e    19    59    0    1  
 e    19    60    0    1  
 e    19    61    0    1  
 e    19    62    0    1  
 e    19    66    0    1  
 e    19    68    0    1  
 e    19    69    0    1  
 e    19    70    0    1  
 e    19    71    0    1  
 e    19    72    0    1  
 e    19    73    0    1  
 e    19    74    0    1  
 e    19    76    0    1  
 e    19    77    0    1  
 e    19    79    0    1  
 e    19    80    0    1  
 e    19    83    0    1  
 e    19    88    0    1  
 e    20    21    0    1  
 e    20    22    1    1  
 e    20    23    0    1  
 e    20    24    1    1  
 e    20    25    0    1  
 e    20    26    1    1  
 e    20    27    0    1  
 e    20    30    0    1  
 e    20    31    0    1  
 e    20    32    0    1  
 e    20    33    0    1  
 e    20    34    1    1  
 e    20    36    0    1  
 e    20    37    0    1  
 e    20    38    0    1  
 e    20    39    0    1  
 e    20    41    0    1  
 e    20    42    0    1  
 e    20    43    0    1  
 e    20    45    0    1  
 e    20    46    0    1  
 e    20    47    0    1  
 e    20    49    0    1  
 e    20    50    0    1  
 e    20    51    0    1  
 e    20    72    0    1  
 e    20    80    0    1  
 e    20    81    0    1  
 e    20    84    0    1  
 e    20    86    0    1  
 e    21    22    1    1  
 e    21    23    1    1  
 e    21    26    0    1  
 e    21    27    1    1  
 e    21    28    1    1  
 e    21    29    0    1  
 e    21    30    0    1  
 e    21    31    0    1  
 e    21    33    0    1  
 e    21    34    0    1  
 e    21    35    0    1  
 e    21    36    0    1  
 e    21    37    0    1  
 e    21    39    0    1  
 e    21    40    0    1  
 e    21    43    0    1  
 e    21    44    1    1  
 e    21    46    0    1  
 e    21    47    0    1  
 e    21    48    0    1  
 e    21    50    0    1  
 e    21    54    0    1  
 e    21    55    0    1  
 e    21    56    0    1  
 e    21    57    0    1  
 e    21    65    0    1  
 e    21    75    0    1  
 e    21    80    0    1  
 e    21    81    0    1  
 e    21    82    0    1  
 e    21    84    0    1  
 e    21    86    0    1  
 e    22    23    0    1  
 e    22    24    0    1  
 e    22    26    0    1  
 e    22    27    1    1  
 e    22    28    0    1  
 e    22    29    0    1  
 e    22    30    0    1  
 e    22    31    0    1  
 e    22    33    0    1  
 e    22    34    1    1  
 e    22    35    0    1  
 e    22    36    0    1  
 e    22    37    0    1  
 e    22    39    1    1  
 e    22    42    0    1  
 e    22    43    1    1  
 e    22    44    0    1  
 e    22    45    0    1  
 e    22    46    0    1  
 e    22    47    0    1  
 e    22    48    0    1  
 e    22    49    0    1  
 e    22    50    0    1  
 e    22    53    0    1  
 e    22    54    0    1  
 e    22    57    0    1  
 e    22    60    0    1  
 e    22    65    0    1  
 e    22    72    0    1  
 e    22    80    0    1  
 e    22    81    0    1  
 e    22    82    0    1  
 e    22    83    0    1  
 e    22    84    0    1  
 e    22    86    0    1  
 e    23    24    0    1  
 e    23    25    0    1  
 e    23    26    0    1  
 e    23    27    0    1  
 e    23    28    1    1  
 e    23    29    1    1  
 e    23    30    1    1  
 e    23    31    0    1  
 e    23    32    0    1  
 e    23    33    0    1  
 e    23    34    0    1  
 e    23    35    1    1  
 e    23    36    1    1  
 e    23    37    0    1  
 e    23    38    0    1  
 e    23    39    0    1  
 e    23    40    0    1  
 e    23    42    0    1  
 e    23    43    0    1  
 e    23    44    0    1  
 e    23    45    0    1  
 e    23    46    0    1  
 e    23    47    0    1  
 e    23    48    0    1  
 e    23    49    0    1  
 e    23    50    0    1  
 e    23    53    0    1  
 e    23    54    0    1  
 e    23    55    0    1  
 e    23    56    0    1  
 e    23    57    0    1  
 e    23    59    0    1  
 e    23    60    0    1  
 e    23    63    0    1  
 e    23    64    0    1  
 e    23    65    0    1  
 e    23    66    0    1  
 e    23    67    0    1  
 e    23    68    0    1  
 e    23    70    0    1  
 e    23    71    0    1  
 e    23    75    0    1  
 e    23    78    0    1  
 e    23    80    0    1  
 e    23    81    0    1  
 e    23    82    0    1  
 e    23    84    0    1  
 e    23    85    0    1  
 e    23    86    0    1  
 e    24    25    1    1  
 e    24    26    1    1  
 e    24    30    0    1  
 e    24    31    0    1  
 e    24    32    1    1  
 e    24    33    0    1  
 e    24    34    0    1  
 e    24    37    0    1  
 e    24    38    0    1  
 e    24    39    0    1  
 e    24    41    1    1  
 e    24    42    0    1  
 e    24    45    0    1  
 e    24    46    0    1  
 e    24    49    0    1  
 e    24    50    0    1  
 e    24    51    0    1  
 e    24    52    0    1  
 e    24    58    0    1  
 e    24    61    0    1  
 e    24    62    0    1  
 e    24    66    0    1  
 e    24    69    0    1  
 e    24    72    0    1  
 e    24    73    0    1  
 e    24    74    0    1  
 e    24    79    0    1  
 e    24    80    0    1  
 e    24    81    0    1  
 e    24    83    0    1  
 e    24    84    0    1  
 e    24    86    0    1  
 e    24    88    0    1  
 e    25    26    1    1  
 e    25    30    0    1  
 e    25    31    0    1  
 e    25    32    1    1  
 e    25    33    1    1  
 e    25    34    0    1  
 e    25    37    0    1  
 e    25    38    1    1  
 e    25    39    0    1  
 e    25    41    0    1  
 e    25    42    0    1  
 e    25    45    0    1  
 e    25    49    0    1  
 e    25    51    0    1  
 e    25    52    0    1  
 e    25    58    0    1  
 e    25    61    0    1  
 e    25    62    0    1  
 e    25    66    0    1  
 e    25    69    0    1  
 e    25    72    0    1  
 e    25    73    0    1  
 e    25    74    0    1  
 e    25    76    0    1  
 e    25    79    0    1  
 e    25    80    0    1  
 e    25    81    0    1  
 e    25    83    0    1  
 e    25    84    0    1  
 e    25    86    0    1  
 e    25    88    0    1  
 e    26    27    0    1  
 e    26    30    0    1  
 e    26    31    0    1  
 e    26    32    0    1  
 e    26    33    1    1  
 e    26    34    1    1  
 e    26    36    0    1  
 e    26    37    1    1  
 e    26    38    1    1  
 e    26    39    0    1  
 e    26    41    0    1  
 e    26    42    0    1  
 e    26    45    0    1  
 e    26    46    0    1  
 e    26    49    0    1  
 e    26    50    0    1  
 e    26    51    0    1  
 e    26    52    0    1  
 e    26    58    0    1  
 e    26    61    0    1  
 e    26    66    0    1  
 e    26    69    0    1  
 e    26    72    0    1  
 e    26    73    0    1  
 e    26    74    0    1  
 e    26    79    0    1  
 e    26    80    0    1  
 e    26    81    0    1  
 e    26    83    0    1  
 e    26    84    0    1  
 e    26    86    0    1  
 e    26    88    0    1  
 e    27    28    1    1  
 e    27    29    0    1  
 e    27    30    0    1  
 e    27    31    0    1  
 e    27    34    0    1  
 e    27    35    0    1  
 e    27    36    0    1  
 e    27    37    0    1  
 e    27    39    0    1  
 e    27    40    0    1  
 e    27    43    1    1  
 e    27    44    1    1  
 e    27    46    0    1  
 e    27    47    0    1  
 e    27    48    0    1  
 e    27    50    0    1  
 e    27    53    0    1  
 e    27    54    0    1  
 e    27    55    0    1  
 e    27    56    0    1  
 e    27    57    0    1  
 e    27    59    0    1  
 e    27    60    0    1  
 e    27    65    0    1  
 e    27    80    0    1  
 e    27    81    0    1  
 e    27    82    0    1  
 e    27    83    0    1  
 e    27    84    0    1  
 e    27    86    0    1  
 e    27    92    0    1  
 e    28    29    0    1  
 e    28    30    0    1  
 e    28    31    0    1  
 e    28    35    1    1  
 e    28    36    0    1  
 e    28    40    0    1  
 e    28    43    0    1  
 e    28    44    1    1  
 e    28    47    0    1  
 e    28    48    0    1  
 e    28    54    0    1  
 e    28    55    0    1  
 e    28    56    0    1  
 e    28    57    0    1  
 e    28    60    0    1  
 e    28    64    0    1  
 e    28    65    0    1  
 e    28    75    0    1  
 e    28    80    0    1  
 e    28    81    0    1  
 e    28    82    0    1  
 e    28    84    0    1  
 e    28    86    0    1  
 e    29    30    1    1  
 e    29    35    1    1  
 e    29    36    1    1  
 e    29    40    1    1  
 e    29    44    0    1  
 e    29    48    0    1  
 e    29    54    0    1  
 e    29    56    0    1  
 e    29    57    0    1  
 e    29    65    0    1  
 e    29    67    0    1  
 e    29    75    0    1  
 e    29    80    0    1  
 e    29    81    0    1  
 e    29    82    0    1  
 e    29    84    0    1  
 e    29    85    0    1  
 e    29    86    0    1  
 e    30    32    0    1  
 e    30    33    0    1  
 e    30    34    0    1  
 e    30    35    0    1  
 e    30    36    1    1  
 e    30    37    0    1  
 e    30    38    0    1  
 e    30    39    0    1  
 e    30    40    1    1  
 e    30    42    0    1  
 e    30    43    0    1  
 e    30    44    0    1  
 e    30    45    0    1  
 e    30    46    0    1  
 e    30    47    0    1  
 e    30    48    1    1  
 e    30    49    0    1  
 e    30    50    0    1  
 e    30    51    0    1  
 e    30    53    0    1  
 e    30    54    0    1  
 e    30    55    0    1  
 e    30    56    0    1  
 e    30    57    0    1  
 e    30    58    0    1  
 e    30    59    0    1  
 e    30    60    0    1  
 e    30    63    0    1  
 e    30    64    0    1  
 e    30    65    0    1  
 e    30    66    0    1  
 e    30    67    0    1  
 e    30    68    0    1  
 e    30    70    0    1  
 e    30    71    0    1  
 e    30    75    0    1  
 e    30    77    0    1  
 e    30    78    0    1  
 e    30    80    0    1  
 e    30    81    0    1  
 e    30    82    0    1  
 e    30    84    0    1  
 e    30    85    0    1  
 e    30    86    0    1  
 e    31    32    0    1  
 e    31    33    0    1  
 e    31    34    0    1  
 e    31    37    0    1  
 e    31    38    0    1  
 e    31    39    0    1  
 e    31    41    1    1  
 e    31    42    0    1  
 e    31    43    0    1  
 e    31    44    0    1  
 e    31    45    0    1  
 e    31    46    0    1  
 e    31    47    0    1  
 e    31    49    0    1  
 e    31    50    0    1  
 e    31    51    0    1  
 e    31    52    0    1  
 e    31    53    0    1  
 e    31    54    0    1  
 e    31    55    0    1  
 e    31    58    0    1  
 e    31    59    0    1  
 e    31    60    0    1  
 e    31    61    1    1  
 e    31    62    0    1  
 e    31    63    0    1  
 e    31    66    0    1  
 e    31    68    0    1  
 e    31    69    1    1  
 e    31    70    0    1  
 e    31    71    0    1  
 e    31    72    1    1  
 e    31    73    0    1  
 e    31    74    0    1  
 e    31    76    0    1  
 e    31    77    0    1  
 e    31    78    0    1  
 e    31    79    0    1  
 e    31    80    0    1  
 e    31    83    0    1  
 e    31    84    0    1  
 e    31    88    0    1  
 e    31    94    0    1  
 e    32    33    0    1  
 e    32    38    1    1  
 e    32    41    1    1  
 e    32    42    0    1  
 e    32    45    0    1  
 e    32    49    0    1  
 e    32    51    1    1  
 e    32    52    0    1  
 e    32    58    0    1  
 e    32    61    0    1  
 e    32    62    0    1  
 e    32    66    0    1  
 e    32    69    0    1  
 e    32    72    0    1  
 e    32    73    0    1  
 e    32    74    0    1  
 e    32    76    0    1  
 e    32    79    0    1  
 e    32    80    0    1  
 e    32    81    0    1  
 e    32    83    0    1  
 e    32    84    0    1  
 e    32    86    0    1  
 e    32    88    0    1  
 e    33    34    1    1  
 e    33    36    0    1  
 e    33    37    1    1  
 e    33    38    1    1  
 e    33    39    0    1  
 e    33    41    0    1  
 e    33    42    1    1  
 e    33    43    0    1  
 e    33    45    1    1  
 e    33    46    0    1  
 e    33    49    0    1  
 e    33    50    0    1  
 e    33    51    0    1  
 e    33    52    0    1  
 e    33    58    0    1  
 e    33    61    0    1  
 e    33    66    0    1  
 e    33    69    0    1  
 e    33    72    0    1  
 e    33    73    0    1  
 e    33    74    0    1  
 e    33    76    0    1  
 e    33    79    0    1  
 e    33    80    0    1  
 e    33    81    0    1  
 e    33    83    0    1  
 e    33    84    0    1  
 e    33    86    0    1  
 e    33    88    0    1  
 e    33    92    0    1  
 e    34    36    0    1  
 e    34    37    1    1  
 e    34    38    0    1  
 e    34    39    1    1  
 e    34    42    0    1  
 e    34    43    1    1  
 e    34    44    0    1  
 e    34    45    0    1  
 e    34    46    0    1  
 e    34    47    0    1  
 e    34    49    0    1  
 e    34    50    0    1  
 e    34    53    0    1  
 e    34    58    0    1  
 e    34    66    0    1  
 e    34    72    0    1  
 e    34    74    0    1  
 e    34    76    0    1  
 e    34    79    0    1  
 e    34    80    0    1  
 e    34    81    0    1  
 e    34    83    0    1  
 e    34    84    0    1  
 e    34    86    0    1  
 e    34    88    0    1  
 e    34    92    0    1  
 e    35    36    0    1  
 e    35    40    1    1  
 e    35    43    0    1  
 e    35    44    1    1  
 e    35    47    0    1  
 e    35    48    0    1  
 e    35    54    1    1  
 e    35    55    0    1  
 e    35    56    1    1  
 e    35    57    0    1  
 e    35    60    0    1  
 e    35    63    0    1  
 e    35    64    0    1  
 e    35    65    0    1  
 e    35    67    0    1  
 e    35    75    0    1  
 e    35    80    0    1  
 e    35    81    0    1  
 e    35    82    0    1  
 e    35    84    0    1  
 e    35    85    0    1  
 e    35    86    0    1  
 e    36    37    0    1  
 e    36    39    0    1  
 e    36    40    0    1  
 e    36    42    0    1  
 e    36    43    0    1  
 e    36    44    0    1  
 e    36    45    0    1  
 e    36    46    0    1  
 e    36    47    0    1  
 e    36    48    1    1  
 e    36    49    0    1  
 e    36    50    0    1  
 e    36    53    0    1  
 e    36    54    0    1  
 e    36    55    0    1  
 e    36    56    0    1  
 e    36    57    1    1  
 e    36    59    0    1  
 e    36    60    0    1  
 e    36    63    0    1  
 e    36    64    0    1  
 e    36    65    0    1  
 e    36    67    0    1  
 e    36    68    0    1  
 e    36    71    0    1  
 e    36    75    0    1  
 e    36    78    0    1  
 e    36    80    0    1  
 e    36    81    0    1  
 e    36    82    0    1  
 e    36    84    0    1  
 e    36    85    0    1  
 e    36    86    0    1  
 e    36    87    0    1  
 e    37    38    0    1  
 e    37    39    1    1  
 e    37    42    1    1  
 e    37    43    0    1  
 e    37    45    1    1  
 e    37    46    1    1  
 e    37    47    0    1  
 e    37    49    0    1  
 e    37    50    1    1  
 e    37    51    0    1  
 e    37    53    0    1  
 e    37    58    0    1  
 e    37    61    0    1  
 e    37    66    0    1  
 e    37    69    0    1  
 e    37    72    0    1  
 e    37    73    0    1  
 e    37    74    0    1  
 e    37    76    0    1  
 e    37    79    0    1  
 e    37    80    0    1  
 e    37    81    0    1  
 e    37    83    0    1  
 e    37    84    0    1  
 e    37    86    0    1  
 e    37    88    0    1  
 e    37    92    0    1  
 e    38    41    0    1  
 e    38    42    1    1  
 e    38    45    1    1  
 e    38    46    0    1  
 e    38    49    0    1  
 e    38    50    0    1  
 e    38    51    1    1  
 e    38    52    0    1  
 e    38    58    0    1  
 e    38    61    0    1  
 e    38    62    0    1  
 e    38    66    0    1  
 e    38    69    0    1  
 e    38    72    0    1  
 e    38    73    0    1  
 e    38    74    0    1  
 e    38    76    0    1  
 e    38    79    0    1  
 e    38    80    0    1  
 e    38    81    0    1  
 e    38    83    0    1  
 e    38    84    0    1  
 e    38    86    0    1  
 e    38    88    0    1  
 e    38    92    0    1  
 e    39    42    0    1  
 e    39    43    1    1  
 e    39    44    0    1  
 e    39    45    0    1  
 e    39    46    1    1  
 e    39    47    1    1  
 e    39    48    0    1  
 e    39    49    0    1  
 e    39    50    1    1  
 e    39    51    0    1  
 e    39    53    0    1  
 e    39    54    0    1  
 e    39    57    0    1  
 e    39    58    0    1  
 e    39    59    0    1  
 e    39    60    0    1  
 e    39    61    0    1  
 e    39    65    0    1  
 e    39    66    0    1  
 e    39    69    0    1  
 e    39    72    0    1  
 e    39    73    0    1  
 e    39    74    0    1  
 e    39    76    0    1  
 e    39    79    0    1  
 e    39    80    0    1  
 e    39    81    0    1  
 e    39    82    0    1  
 e    39    83    0    1  
 e    39    84    0    1  
 e    39    86    0    1  
 e    39    88    0    1  
 e    39    92    0    1  
 e    40    43    0    1  
 e    40    44    1    1  
 e    40    47    0    1  
 e    40    48    1    1  
 e    40    54    1    1  
 e    40    55    0    1  
 e    40    56    1    1  
 e    40    57    0    1  
 e    40    60    0    1  
 e    40    63    0    1  
 e    40    64    0    1  
 e    40    65    0    1  
 e    40    67    0    1  
 e    40    75    0    1  
 e    40    78    0    1  
 e    40    80    0    1  
 e    40    81    0    1  
 e    40    82    0    1  
 e    40    84    0    1  
 e    40    85    0    1  
 e    40    86    0    1  
 e    40    87    0    1  
 e    41    42    0    1  
 e    41    45    0    1  
 e    41    49    0    1  
 e    41    51    1    1  
 e    41    52    1    1  
 e    41    58    0    1  
 e    41    61    1    1  
 e    41    62    0    1  
 e    41    69    0    1  
 e    41    72    0    1  
 e    41    73    0    1  
 e    41    74    0    1  
 e    41    76    0    1  
 e    41    79    0    1  
 e    41    80    0    1  
 e    41    81    0    1  
 e    41    83    0    1  
 e    41    84    0    1  
 e    41    86    0    1  
 e    41    88    0    1  
 e    41    94    0    1  
 e    42    45    1    1  
 e    42    46    0    1  
 e    42    49    0    1  
 e    42    50    0    1  
 e    42    51    1    1  
 e    42    52    0    1  
 e    42    53    0    1  
 e    42    58    0    1  
 e    42    61    0    1  
 e    42    62    0    1  
 e    42    66    0    1  
 e    42    69    0    1  
 e    42    72    0    1  
 e    42    73    0    1  
 e    42    74    0    1  
 e    42    76    0    1  
 e    42    77    0    1  
 e    42    79    0    1  
 e    42    80    0    1  
 e    42    81    0    1  
 e    42    83    0    1  
 e    42    84    0    1  
 e    42    86    0    1  
 e    42    88    0    1  
 e    42    92    0    1  
 e    43    44    1    1  
 e    43    45    0    1  
 e    43    46    1    1  
 e    43    47    1    1  
 e    43    48    0    1  
 e    43    49    0    1  
 e    43    50    0    1  
 e    43    53    1    1  
 e    43    54    0    1  
 e    43    55    0    1  
 e    43    56    0    1  
 e    43    57    0    1  
 e    43    58    0    1  
 e    43    59    0    1  
 e    43    60    0    1  
 e    43    65    0    1  
 e    43    66    0    1  
 e    43    68    0    1  
 e    43    72    0    1  
 e    43    74    0    1  
 e    43    75    0    1  
 e    43    76    0    1  
 e    43    80    0    1  
 e    43    81    0    1  
 e    43    82    0    1  
 e    43    83    0    1  
 e    43    84    0    1  
 e    43    86    0    1  
 e    43    92    0    1  
 e    44    46    0    1  
 e    44    47    1    1  
 e    44    48    0    1  
 e    44    50    0    1  
 e    44    53    0    1  
 e    44    54    1    1  
 e    44    55    1    1  
 e    44    56    1    1  
 e    44    57    0    1  
 e    44    59    0    1  
 e    44    60    1    1  
 e    44    63    0    1  
 e    44    64    0    1  
 e    44    65    0    1  
 e    44    68    0    1  
 e    44    71    0    1  
 e    44    74    0    1  
 e    44    75    0    1  
 e    44    78    0    1  
 e    44    80    0    1  
 e    44    81    0    1  
 e    44    82    0    1  
 e    44    83    0    1  
 e    44    84    0    1  
 e    44    85    0    1  
 e    44    86    0    1  
 e    44    92    0    1  
 e    45    46    0    1  
 e    45    47    0    1  
 e    45    49    1    1  
 e    45    50    1    1  
 e    45    51    1    1  
 e    45    52    0    1  
 e    45    53    0    1  
 e    45    58    1    1  
 e    45    59    0    1  
 e    45    61    0    1  
 e    45    62    0    1  
 e    45    66    1    1  
 e    45    69    0    1  
 e    45    70    0    1  
 e    45    72    0    1  
 e    45    73    0    1  
 e    45    74    0    1  
 e    45    76    0    1  
 e    45    77    0    1  
 e    45    79    0    1  
 e    45    80    0    1  
 e    45    81    0    1  
 e    45    83    0    1  
 e    45    84    0    1  
 e    45    86    0    1  
 e    45    88    0    1  
 e    45    92    0    1  
 e    46    47    1    1  
 e    46    48    0    1  
 e    46    49    0    1  
 e    46    50    1    1  
 e    46    51    0    1  
 e    46    53    1    1  
 e    46    54    0    1  
 e    46    57    0    1  
 e    46    58    0    1  
 e    46    59    0    1  
 e    46    60    0    1  
 e    46    61    0    1  
 e    46    65    0    1  
 e    46    66    0    1  
 e    46    68    0    1  
 e    46    69    0    1  
 e    46    70    0    1  
 e    46    72    0    1  
 e    46    73    0    1  
 e    46    74    0    1  
 e    46    76    0    1  
 e    46    77    0    1  
 e    46    79    0    1  
 e    46    80    0    1  
 e    46    81    0    1  
 e    46    82    0    1  
 e    46    83    0    1  
 e    46    84    0    1  
 e    46    86    0    1  
 e    46    88    0    1  
 e    46    92    0    1  
 e    47    48    0    1  
 e    47    49    0    1  
 e    47    50    0    1  
 e    47    53    1    1  
 e    47    54    1    1  
 e    47    55    1    1  
 e    47    56    0    1  
 e    47    57    0    1  
 e    47    58    0    1  
 e    47    59    1    1  
 e    47    60    1    1  
 e    47    63    0    1  
 e    47    64    0    1  
 e    47    65    0    1  
 e    47    66    0    1  
 e    47    68    0    1  
 e    47    70    0    1  
 e    47    71    0    1  
 e    47    72    0    1  
 e    47    74    0    1  
 e    47    75    0    1  
 e    47    76    0    1  
 e    47    77    0    1  
 e    47    78    0    1  
 e    47    80    0    1  
 e    47    81    0    1  
 e    47    82    0    1  
 e    47    83    0    1  
 e    47    84    0    1  
 e    47    86    0    1  
 e    47    92    0    1  
 e    48    50    0    1  
 e    48    53    0    1  
 e    48    54    0    1  
 e    48    55    0    1  
 e    48    56    1    1  
 e    48    57    1    1  
 e    48    59    0    1  
 e    48    60    0    1  
 e    48    63    0    1  
 e    48    64    1    1  
 e    48    65    1    1  
 e    48    67    0    1  
 e    48    68    0    1  
 e    48    70    0    1  
 e    48    71    0    1  
 e    48    75    0    1  
 e    48    77    0    1  
 e    48    78    0    1  
 e    48    80    0    1  
 e    48    81    0    1  
 e    48    82    1    1  
 e    48    84    0    1  
 e    48    85    0    1  
 e    48    86    0    1  
 e    48    87    0    1  
 e    48    92    0    1  
 e    49    50    1    1  
 e    49    51    0    1  
 e    49    52    0    1  
 e    49    53    1    1  
 e    49    58    1    1  
 e    49    59    0    1  
 e    49    60    0    1  
 e    49    61    0    1  
 e    49    62    0    1  
 e    49    66    1    1  
 e    49    68    0    1  
 e    49    69    0    1  
 e    49    70    0    1  
 e    49    72    0    1  
 e    49    73    0    1  
 e    49    74    0    1  
 e    49    76    0    1  
 e    49    77    0    1  
 e    49    79    0    1  
 e    49    80    0    1  
 e    49    81    0    1  
 e    49    83    0    1  
 e    49    84    0    1  
 e    49    86    0    1  
 e    49    88    0    1  
 e    49    92    0    1  
 e    50    51    0    1  
 e    50    53    1    1  
 e    50    54    0    1  
 e    50    57    0    1  
 e    50    58    0    1  
 e    50    59    0    1  
 e    50    60    0    1  
 e    50    61    0    1  
 e    50    65    0    1  
 e    50    66    0    1  
 e    50    68    0    1  
 e    50    69    0    1  
 e    50    70    0    1  
 e    50    72    0    1  
 e    50    73    0    1  
 e    50    74    0    1  
 e    50    76    0    1  
 e    50    77    0    1  
 e    50    79    0    1  
 e    50    80    0    1  
 e    50    81    0    1  
 e    50    82    0    1  
 e    50    83    0    1  
 e    50    84    0    1  
 e    50    86    0    1  
 e    50    88    0    1  
 e    50    92    0    1  
 e    51    52    1    1  
 e    51    53    0    1  
 e    51    58    1    1  
 e    51    59    0    1  
 e    51    61    0    1  
 e    51    62    1    1  
 e    51    66    0    1  
 e    51    69    0    1  
 e    51    72    0    1  
 e    51    73    0    1  
 e    51    74    0    1  
 e    51    76    0    1  
 e    51    77    0    1  
 e    51    79    0    1  
 e    51    80    0    1  
 e    51    81    0    1  
 e    51    83    0    1  
 e    51    84    0    1  
 e    51    86    0    1  
 e    51    88    0    1  
 e    51    92    0    1  
 e    51    94    0    1  
 e    52    58    0    1  
 e    52    61    1    1  
 e    52    62    1    1  
 e    52    66    0    1  
 e    52    69    0    1  
 e    52    72    0    1  
 e    52    73    1    1  
 e    52    74    0    1  
 e    52    76    0    1  
 e    52    79    0    1  
 e    52    80    0    1  
 e    52    81    0    1  
 e    52    83    0    1  
 e    52    84    0    1  
 e    52    86    0    1  
 e    52    88    0    1  
 e    52    92    0    1  
 e    52    94    0    1  
 e    53    54    0    1  
 e    53    55    0    1  
 e    53    57    0    1  
 e    53    58    0    1  
 e    53    59    1    1  
 e    53    60    0    1  
 e    53    61    0    1  
 e    53    63    0    1  
 e    53    65    0    1  
 e    53    66    1    1  
 e    53    68    0    1  
 e    53    69    0    1  
 e    53    70    0    1  
 e    53    71    0    1  
 e    53    72    0    1  
 e    53    73    0    1  
 e    53    74    0    1  
 e    53    76    0    1  
 e    53    77    0    1  
 e    53    79    0    1  
 e    53    80    0    1  
 e    53    81    0    1  
 e    53    82    0    1  
 e    53    83    0    1  
 e    53    84    0    1  
 e    53    86    0    1  
 e    53    88    0    1  
 e    53    92    0    1  
 e    54    55    1    1  
 e    54    56    1    1  
 e    54    57    0    1  
 e    54    59    0    1  
 e    54    60    1    1  
 e    54    63    0    1  
 e    54    64    0    1  
 e    54    65    0    1  
 e    54    68    0    1  
 e    54    71    0    1  
 e    54    74    0    1  
 e    54    75    0    1  
 e    54    76    0    1  
 e    54    78    0    1  
 e    54    80    0    1  
 e    54    81    0    1  
 e    54    82    0    1  
 e    54    83    0    1  
 e    54    84    0    1  
 e    54    85    0    1  
 e    54    86    0    1  
 e    54    87    0    1  
 e    54    92    0    1  
 e    55    56    1    1  
 e    55    57    0    1  
 e    55    59    0    1  
 e    55    60    1    1  
 e    55    63    1    1  
 e    55    64    1    1  
 e    55    65    0    1  
 e    55    68    0    1  
 e    55    71    0    1  
 e    55    74    0    1  
 e    55    75    0    1  
 e    55    76    0    1  
 e    55    78    0    1  
 e    55    80    0    1  
 e    55    81    0    1  
 e    55    82    0    1  
 e    55    83    0    1  
 e    55    84    0    1  
 e    55    85    0    1  
 e    55    86    0    1  
 e    55    87    0    1  
 e    55    92    0    1  
 e    56    57    0    1  
 e    56    59    0    1  
 e    56    60    0    1  
 e    56    63    1    1  
 e    56    64    1    1  
 e    56    65    1    1  
 e    56    68    0    1  
 e    56    71    0    1  
 e    56    74    0    1  
 e    56    75    0    1  
 e    56    76    0    1  
 e    56    78    0    1  
 e    56    80    0    1  
 e    56    81    0    1  
 e    56    82    0    1  
 e    56    83    0    1  
 e    56    84    0    1  
 e    56    85    0    1  
 e    56    86    0    1  
 e    56    87    0    1  
 e    56    92    0    1  
 e    57    59    0    1  
 e    57    60    0    1  
 e    57    63    0    1  
 e    57    64    0    1  
 e    57    65    1    1  
 e    57    66    0    1  
 e    57    67    1    1  
 e    57    68    0    1  
 e    57    70    0    1  
 e    57    71    0    1  
 e    57    75    1    1  
 e    57    77    0    1  
 e    57    78    0    1  
 e    57    80    0    1  
 e    57    81    0    1  
 e    57    82    1    1  
 e    57    85    0    1  
 e    57    86    0    1  
 e    57    87    0    1  
 e    57    90    0    1  
 e    58    59    0    1  
 e    58    61    0    1  
 e    58    62    1    1  
 e    58    66    1    1  
 e    58    68    0    1  
 e    58    69    0    1  
 e    58    70    0    1  
 e    58    72    0    1  
 e    58    73    0    1  
 e    58    74    1    1  
 e    58    76    0    1  
 e    58    77    0    1  
 e    58    79    0    1  
 e    58    80    0    1  
 e    58    81    0    1  
 e    58    83    0    1  
 e    58    84    0    1  
 e    58    86    0    1  
 e    58    88    0    1  
 e    58    92    0    1  
 e    58    94    0    1  
 e    59    60    1    1  
 e    59    61    0    1  
 e    59    63    0    1  
 e    59    64    0    1  
 e    59    65    0    1  
 e    59    66    1    1  
 e    59    68    1    1  
 e    59    69    0    1  
 e    59    70    1    1  
 e    59    71    0    1  
 e    59    72    0    1  
 e    59    73    0    1  
 e    59    74    0    1  
 e    59    75    0    1  
 e    59    76    0    1  
 e    59    77    0    1  
 e    59    78    0    1  
 e    59    79    0    1  
 e    59    80    0    1  
 e    59    81    0    1  
 e    59    82    0    1  
 e    59    83    0    1  
 e    59    84    0    1  
 e    59    85    0    1  
 e    59    86    0    1  
 e    59    87    0    1  
 e    59    88    0    1  
 e    59    92    0    1  
 e    60    63    1    1  
 e    60    64    0    1  
 e    60    65    0    1  
 e    60    66    0    1  
 e    60    68    1    1  
 e    60    70    0    1  
 e    60    71    0    1  
 e    60    74    0    1  
 e    60    75    0    1  
 e    60    76    0    1  
 e    60    77    0    1  
 e    60    78    0    1  
 e    60    80    0    1  
 e    60    81    0    1  
 e    60    82    0    1  
 e    60    83    0    1  
 e    60    84    0    1  
 e    60    85    0    1  
 e    60    86    0    1  
 e    60    87    0    1  
 e    60    92    0    1  
 e    61    62    0    1  
 e    61    66    0    1  
 e    61    68    0    1  
 e    61    69    1    1  
 e    61    70    0    1  
 e    61    72    1    1  
 e    61    73    1    1  
 e    61    74    0    1  
 e    61    76    1    1  
 e    61    77    0    1  
 e    61    79    0    1  
 e    61    80    0    1  
 e    61    81    0    1  
 e    61    83    1    1  
 e    61    84    0    1  
 e    61    86    0    1  
 e    61    88    0    1  
 e    61    94    0    1  
 e    62    66    0    1  
 e    62    69    0    1  
 e    62    70    0    1  
 e    62    72    0    1  
 e    62    73    1    1  
 e    62    74    1    1  
 e    62    76    1    1  
 e    62    77    0    1  
 e    62    79    0    1  
 e    62    80    0    1  
 e    62    81    0    1  
 e    62    83    0    1  
 e    62    84    0    1  
 e    62    86    0    1  
 e    62    88    0    1  
 e    62    92    0    1  
 e    62    94    0    1  
 e    63    64    1    1  
 e    63    65    1    1  
 e    63    68    1    1  
 e    63    70    0    1  
 e    63    71    1    1  
 e    63    74    0    1  
 e    63    75    0    1  
 e    63    76    0    1  
 e    63    77    0    1  
 e    63    78    1    1  
 e    63    80    0    1  
 e    63    81    0    1  
 e    63    82    0    1  
 e    63    83    0    1  
 e    63    84    0    1  
 e    63    85    0    1  
 e    63    86    0    1  
 e    63    87    0    1  
 e    63    92    0    1  
 e    64    65    1    1  
 e    64    68    0    1  
 e    64    70    0    1  
 e    64    71    0    1  
 e    64    74    0    1  
 e    64    75    0    1  
 e    64    76    0    1  
 e    64    77    0    1  
 e    64    78    1    1  
 e    64    80    0    1  
 e    64    81    1    1  
 e    64    82    1    1  
 e    64    83    0    1  
 e    64    84    0    1  
 e    64    85    0    1  
 e    64    86    0    1  
 e    64    87    0    1  
 e    64    92    0    1  
 e    65    66    0    1  
 e    65    67    0    1  
 e    65    68    0    1  
 e    65    70    0    1  
 e    65    71    0    1  
 e    65    74    0    1  
 e    65    75    0    1  
 e    65    76    0    1  
 e    65    77    0    1  
 e    65    78    1    1  
 e    65    80    0    1  
 e    65    81    1    1  
 e    65    82    1    1  
 e    65    83    0    1  
 e    65    84    0    1  
 e    65    85    0    1  
 e    65    86    0    1  
 e    65    87    0    1  
 e    65    90    0    1  
 e    65    92    0    1  
 e    66    68    0    1  
 e    66    69    0    1  
 e    66    70    1    1  
 e    66    71    0    1  
 e    66    72    0    1  
 e    66    73    0    1  
 e    66    74    1    1  
 e    66    76    0    1  
 e    66    77    1    1  
 e    66    78    0    1  
 e    66    79    0    1  
 e    66    80    0    1  
 e    66    81    0    1  
 e    66    82    0    1  
 e    66    83    0    1  
 e    66    84    0    1  
 e    66    86    0    1  
 e    66    88    0    1  
 e    66    92    0    1  
 e    67    75    1    1  
 e    67    82    0    1  
 e    67    85    1    1  
 e    67    87    0    1  
 e    67    90    0    1  
 e    68    69    0    1  
 e    68    70    1    1  
 e    68    71    1    1  
 e    68    73    0    1  
 e    68    74    0    1  
 e    68    75    0    1  
 e    68    76    0    1  
 e    68    77    0    1  
 e    68    78    0    1  
 e    68    79    0    1  
 e    68    80    1    1  
 e    68    81    0    1  
 e    68    82    0    1  
 e    68    83    0    1  
 e    68    84    0    1  
 e    68    85    0    1  
 e    68    86    0    1  
 e    68    87    0    1  
 e    68    88    0    1  
 e    68    92    0    1  
 e    69    70    0    1  
 e    69    72    1    1  
 e    69    73    1    1  
 e    69    74    0    1  
 e    69    76    1    1  
 e    69    77    0    1  
 e    69    79    1    1  
 e    69    80    0    1  
 e    69    83    1    1  
 e    69    84    0    1  
 e    69    86    0    1  
 e    69    88    0    1  
 e    69    89    0    1  
 e    69    91    0    1  
 e    69    94    0    1  
 e    70    71    1    1  
 e    70    72    0    1  
 e    70    73    0    1  
 e    70    74    1    1  
 e    70    75    0    1  
 e    70    76    0    1  
 e    70    77    1    1  
 e    70    78    0    1  
 e    70    79    0    1  
 e    70    80    1    1  
 e    70    81    0    1  
 e    70    82    0    1  
 e    70    83    0    1  
 e    70    84    0    1  
 e    70    85    0    1  
 e    70    86    0    1  
 e    70    87    0    1  
 e    70    88    0    1  
 e    70    92    0    1  
 e    71    74    0    1  
 e    71    75    0    1  
 e    71    76    0    1  
 e    71    77    1    1  
 e    71    78    1    1  
 e    71    79    0    1  
 e    71    80    1    1  
 e    71    81    0    1  
 e    71    82    0    1  
 e    71    83    0    1  
 e    71    84    0    1  
 e    71    85    0    1  
 e    71    86    0    1  
 e    71    87    0    1  
 e    71    88    0    1  
 e    71    92    0    1  
 e    72    73    0    1  
 e    72    74    0    1  
 e    72    76    0    1  
 e    72    77    0    1  
 e    72    79    1    1  
 e    72    80    0    1  
 e    72    83    0    1  
 e    72    84    0    1  
 e    72    88    1    1  
 e    72    94    0    1  
 e    73    74    1    1  
 e    73    76    1    1  
 e    73    77    0    1  
 e    73    79    0    1  
 e    73    80    0    1  
 e    73    81    0    1  
 e    73    83    1    1  
 e    73    84    0    1  
 e    73    86    0    1  
 e    73    88    0    1  
 e    73    89    0    1  
 e    73    92    0    1  
 e    73    94    0    1  
 e    74    76    1    1  
 e    74    77    1    1  
 e    74    78    0    1  
 e    74    79    0    1  
 e    74    80    1    1  
 e    74    81    0    1  
 e    74    82    0    1  
 e    74    83    1    1  
 e    74    84    0    1  
 e    74    86    0    1  
 e    74    88    0    1  
 e    74    89    0    1  
 e    74    92    0    1  
 e    74    94    0    1  
 e    75    77    0    1  
 e    75    78    0    1  
 e    75    80    0    1  
 e    75    81    0    1  
 e    75    82    1    1  
 e    75    85    1    1  
 e    75    86    0    1  
 e    75    87    0    1  
 e    75    90    0    1  
 e    76    77    1    1  
 e    76    78    0    1  
 e    76    79    0    1  
 e    76    80    1    1  
 e    76    81    0    1  
 e    76    82    0    1  
 e    76    83    1    1  
 e    76    84    0    1  
 e    76    86    0    1  
 e    76    88    0    1  
 e    76    89    0    1  
 e    76    92    0    1  
 e    76    94    0    1  
 e    77    78    0    1  
 e    77    79    0    1  
 e    77    80    1    1  
 e    77    81    1    1  
 e    77    82    0    1  
 e    77    83    1    1  
 e    77    84    1    1  
 e    77    85    0    1  
 e    77    86    1    1  
 e    77    87    0    1  
 e    77    88    0    1  
 e    77    89    0    1  
 e    77    92    0    1  
 e    78    79    0    1  
 e    78    80    1    1  
 e    78    81    1    1  
 e    78    82    0    1  
 e    78    83    0    1  
 e    78    84    0    1  
 e    78    85    0    1  
 e    78    86    0    1  
 e    78    87    0    1  
 e    78    88    0    1  
 e    78    90    0    1  
 e    78    92    0    1  
 e    79    80    0    1  
 e    79    83    1    1  
 e    79    84    1    1  
 e    79    88    1    1  
 e    79    89    0    1  
 e    79    91    0    1  
 e    79    92    0    1  
 e    79    93    0    1  
 e    79    94    1    1  
 e    80    81    1    1  
 e    80    82    0    1  
 e    80    83    1    1  
 e    80    84    1    1  
 e    80    85    0    1  
 e    80    86    1    1  
 e    80    87    0    1  
 e    80    88    0    1  
 e    80    89    0    1  
 e    80    90    0    1  
 e    80    91    0    1  
 e    80    92    0    1  
 e    80    93    0    1  
 e    80    94    0    1  
 e    81    82    1    1  
 e    81    83    0    1  
 e    81    84    1    1  
 e    81    85    0    1  
 e    81    86    1    1  
 e    81    87    0    1  
 e    81    88    0    1  
 e    81    89    0    1  
 e    81    90    0    1  
 e    81    91    0    1  
 e    81    92    0    1  
 e    81    93    0    1  
 e    82    83    0    1  
 e    82    84    0    1  
 e    82    85    1    1  
 e    82    86    1    1  
 e    82    87    1    1  
 e    82    90    0    1  
 e    82    92    0    1  
 e    83    84    1    1  
 e    83    86    1    1  
 e    83    87    0    1  
 e    83    88    1    1  
 e    83    89    0    1  
 e    83    90    0    1  
 e    83    91    0    1  
 e    83    92    0    1  
 e    83    93    0    1  
 e    83    94    0    1  
 e    84    85    0    1  
 e    84    86    1    1  
 e    84    87    0    1  
 e    84    88    1    1  
 e    84    89    1    1  
 e    84    90    0    1  
 e    84    91    0    1  
 e    84    92    1    1  
 e    84    93    1    1  
 e    84    94    0    1  
 e    85    86    0    1  
 e    85    87    1    1  
 e    85    90    1    1  
 e    85    92    0    1  
 e    86    87    1    1  
 e    86    88    0    1  
 e    86    89    0    1  
 e    86    90    1    1  
 e    86    91    0    1  
 e    86    92    1    1  
 e    86    93    0    1  
 e    86    94    0    1  
 e    87    88    0    1  
 e    87    89    0    1  
 e    87    90    1    1  
 e    87    91    0    1  
 e    87    92    1    1  
 e    87    93    0    1  
 e    88    89    1    1  
 e    88    91    1    1  
 e    88    92    0    1  
 e    88    93    0    1  
 e    88    94    1    1  
 e    89    90    0    1  
 e    89    91    1    1  
 e    89    92    1    1  
 e    89    93    1    1  
 e    89    94    1    1  
 e    90    91    0    1  
 e    90    92    0    1  
 e    90    93    0    1  
 e    91    92    1    1  
 e    91    93    1    1  
 e    91    94    1    1  
 e    92    93    1    1  
 e    92    94    0    1  
 e    93    94    0    1  
