 p    band 95   781 
 e    0    1    0    1
 e    0    2    0    1
 e    0    4    0    1
 e    0    5    0    1
 e    0    6    0    1
 e    0    7    0    1
 e    0    12    0    1
 e    0    19    0    1
 e    0    31    0    1
 e    1    2    0    1
 e    1    4    0    1
 e    1    5    0    1
 e    1    6    0    1
 e    1    7    0    1
 e    1    12    0    1
 e    1    19    0    1
 e    1    31    0    1
 e    2    3    0    1
 e    2    4    0    1
 e    2    5    0    1
 e    2    6    0    1
 e    2    7    0    1
 e    2    10    0    1
 e    2    11    0    1
 e    2    12    0    1
 e    2    19    0    1
 e    2    31    0    1
 e    3    7    0    1
 e    3    9    0    1
 e    3    10    0    1
 e    3    11    0    1
 e    3    14    0    1
 e    3    17    0    1
 e    4    5    0    1
 e    4    6    0    1
 e    4    7    0    1
 e    4    10    0    1
 e    4    12    0    1
 e    4    13    0    1
 e    4    15    0    1
 e    4    19    0    1
 e    4    24    0    1
 e    4    31    0    1
 e    4    32    0    1
 e    4    41    0    1
 e    5    6    0    1
 e    5    7    0    1
 e    5    10    0    1
 e    5    12    0    1
 e    5    13    0    1
 e    5    15    0    1
 e    5    19    0    1
 e    5    24    0    1
 e    5    25    0    1
 e    5    31    0    1
 e    5    32    0    1
 e    5    41    0    1
 e    5    52    0    1
 e    5    61    0    1
 e    6    7    0    1
 e    6    10    0    1
 e    6    12    0    1
 e    6    13    0    1
 e    6    15    0    1
 e    6    19    0    1
 e    6    24    0    1
 e    6    25    0    1
 e    6    31    0    1
 e    6    32    0    1
 e    6    41    0    1
 e    6    52    0    1
 e    6    61    0    1
 e    6    69    0    1
 e    6    72    0    1
 e    6    79    0    1
 e    7    10    0    1
 e    7    12    0    1
 e    7    13    0    1
 e    7    15    0    1
 e    7    19    0    1
 e    7    24    0    1
 e    7    31    0    1
 e    7    41    0    1
 e    8    9    0    1
 e    8    11    0    1
 e    8    17    0    1
 e    8    18    0    1
 e    9    11    0    1
 e    9    14    0    1
 e    9    17    0    1
 e    9    18    0    1
 e    9    23    0    1
 e    9    29    0    1
 e    9    30    0    1
 e    9    35    0    1
 e    9    36    0    1
 e    10    11    0    1
 e    10    12    0    1
 e    10    13    0    1
 e    10    14    0    1
 e    10    15    0    1
 e    10    16    0    1
 e    10    19    0    1
 e    10    20    0    1
 e    10    21    0    1
 e    10    22    0    1
 e    10    31    0    1
 e    11    13    0    1
 e    11    14    0    1
 e    11    15    0    1
 e    11    16    0    1
 e    11    17    0    1
 e    11    18    0    1
 e    11    20    0    1
 e    11    21    0    1
 e    11    22    0    1
 e    11    23    0    1
 e    11    27    0    1
 e    11    28    0    1
 e    11    29    0    1
 e    11    30    0    1
 e    11    35    0    1
 e    11    36    0    1
 e    11    40    0    1
 e    11    44    0    1
 e    11    48    0    1
 e    11    54    0    1
 e    11    56    0    1
 e    12    13    0    1
 e    12    14    0    1
 e    12    15    0    1
 e    12    16    0    1
 e    12    19    0    1
 e    12    20    0    1
 e    12    24    0    1
 e    12    25    0    1
 e    12    26    0    1
 e    12    31    0    1
 e    12    32    0    1
 e    12    33    0    1
 e    12    38    0    1
 e    12    41    0    1
 e    12    52    0    1
 e    12    61    0    1
 e    13    14    0    1
 e    13    15    0    1
 e    13    16    0    1
 e    13    19    0    1
 e    13    20    0    1
 e    13    21    0    1
 e    13    22    0    1
 e    13    24    0    1
 e    13    25    0    1
 e    13    26    0    1
 e    13    31    0    1
 e    13    32    0    1
 e    14    15    0    1
 e    14    16    0    1
 e    14    17    0    1
 e    14    18    0    1
 e    14    20    0    1
 e    14    21    0    1
 e    14    22    0    1
 e    14    23    0    1
 e    14    27    0    1
 e    14    28    0    1
 e    14    29    0    1
 e    14    30    0    1
 e    14    34    0    1
 e    14    35    0    1
 e    14    36    0    1
 e    14    40    0    1
 e    14    44    0    1
 e    14    48    0    1
 e    14    54    0    1
 e    14    56    0    1
 e    15    16    0    1
 e    15    19    0    1
 e    15    20    0    1
 e    15    24    0    1
 e    15    25    0    1
 e    15    26    0    1
 e    15    31    0    1
 e    15    32    0    1
 e    15    33    0    1
 e    15    38    0    1
 e    16    17    0    1
 e    16    20    0    1
 e    16    21    0    1
 e    16    22    0    1
 e    16    23    0    1
 e    16    27    0    1
 e    16    30    0    1
 e    16    34    0    1
 e    17    18    0    1
 e    17    21    0    1
 e    17    22    0    1
 e    17    23    0    1
 e    17    27    0    1
 e    17    28    0    1
 e    17    29    0    1
 e    17    30    0    1
 e    17    35    0    1
 e    17    36    0    1
 e    17    40    0    1
 e    17    44    0    1
 e    17    48    0    1
 e    17    54    0    1
 e    17    56    0    1
 e    17    57    0    1
 e    17    67    0    1
 e    18    23    0    1
 e    18    30    0    1
 e    18    36    0    1
 e    18    57    0    1
 e    18    67    0    1
 e    18    75    0    1
 e    19    24    0    1
 e    19    25    0    1
 e    19    26    0    1
 e    19    31    0    1
 e    19    32    0    1
 e    19    38    0    1
 e    19    41    0    1
 e    19    52    0    1
 e    19    61    0    1
 e    19    69    0    1
 e    19    72    0    1
 e    20    22    0    1
 e    20    24    0    1
 e    20    25    0    1
 e    20    26    0    1
 e    20    32    0    1
 e    20    33    0    1
 e    20    34    0    1
 e    20    37    0    1
 e    20    38    0    1
 e    21    22    0    1
 e    21    23    0    1
 e    21    27    0    1
 e    21    28    0    1
 e    21    29    0    1
 e    21    30    0    1
 e    21    34    0    1
 e    21    35    0    1
 e    21    36    0    1
 e    21    44    0    1
 e    22    23    0    1
 e    22    26    0    1
 e    22    27    0    1
 e    22    30    0    1
 e    22    34    0    1
 e    22    37    0    1
 e    22    39    0    1
 e    22    43    0    1
 e    22    46    0    1
 e    22    47    0    1
 e    23    27    0    1
 e    23    28    0    1
 e    23    29    0    1
 e    23    30    0    1
 e    23    35    0    1
 e    23    36    0    1
 e    23    40    0    1
 e    23    44    0    1
 e    23    48    0    1
 e    23    54    0    1
 e    23    56    0    1
 e    24    25    0    1
 e    24    26    0    1
 e    24    31    0    1
 e    24    32    0    1
 e    24    33    0    1
 e    24    38    0    1
 e    24    41    0    1
 e    24    51    0    1
 e    24    52    0    1
 e    25    26    0    1
 e    25    31    0    1
 e    25    32    0    1
 e    25    33    0    1
 e    25    38    0    1
 e    25    41    0    1
 e    25    42    0    1
 e    25    51    0    1
 e    25    52    0    1
 e    26    32    0    1
 e    26    33    0    1
 e    26    34    0    1
 e    26    37    0    1
 e    26    38    0    1
 e    26    39    0    1
 e    26    42    0    1
 e    27    28    0    1
 e    27    30    0    1
 e    27    34    0    1
 e    27    36    0    1
 e    27    39    0    1
 e    27    43    0    1
 e    27    44    0    1
 e    27    47    0    1
 e    28    29    0    1
 e    28    30    0    1
 e    28    35    0    1
 e    28    36    0    1
 e    28    40    0    1
 e    28    44    0    1
 e    28    54    0    1
 e    28    56    0    1
 e    29    30    0    1
 e    29    35    0    1
 e    29    36    0    1
 e    29    40    0    1
 e    29    44    0    1
 e    29    48    0    1
 e    29    54    0    1
 e    29    56    0    1
 e    29    57    0    1
 e    29    65    0    1
 e    29    82    0    1
 e    30    35    0    1
 e    30    36    0    1
 e    30    40    0    1
 e    30    44    0    1
 e    30    48    0    1
 e    30    54    0    1
 e    30    56    0    1
 e    30    57    0    1
 e    30    65    0    1
 e    30    82    0    1
 e    31    32    0    1
 e    31    41    0    1
 e    31    52    0    1
 e    31    61    0    1
 e    31    69    0    1
 e    31    72    0    1
 e    31    79    0    1
 e    32    38    0    1
 e    32    41    0    1
 e    32    51    0    1
 e    32    52    0    1
 e    32    58    0    1
 e    32    62    0    1
 e    33    34    0    1
 e    33    37    0    1
 e    33    38    0    1
 e    33    39    0    1
 e    33    42    0    1
 e    33    45    0    1
 e    33    50    0    1
 e    34    37    0    1
 e    34    39    0    1
 e    34    43    0    1
 e    34    46    0    1
 e    34    47    0    1
 e    35    36    0    1
 e    35    40    0    1
 e    35    44    0    1
 e    35    48    0    1
 e    35    54    0    1
 e    35    55    0    1
 e    35    56    0    1
 e    35    57    0    1
 e    35    64    0    1
 e    35    65    0    1
 e    35    82    0    1
 e    36    40    0    1
 e    36    44    0    1
 e    36    48    0    1
 e    36    57    0    1
 e    36    65    0    1
 e    36    82    0    1
 e    37    39    0    1
 e    37    42    0    1
 e    37    43    0    1
 e    37    45    0    1
 e    37    46    0    1
 e    37    49    0    1
 e    37    50    0    1
 e    38    41    0    1
 e    38    42    0    1
 e    38    45    0    1
 e    38    49    0    1
 e    38    51    0    1
 e    38    52    0    1
 e    38    58    0    1
 e    38    66    0    1
 e    39    42    0    1
 e    39    43    0    1
 e    39    45    0    1
 e    39    46    0    1
 e    39    47    0    1
 e    39    49    0    1
 e    39    50    0    1
 e    39    53    0    1
 e    40    44    0    1
 e    40    48    0    1
 e    40    54    0    1
 e    40    55    0    1
 e    40    56    0    1
 e    40    57    0    1
 e    40    64    0    1
 e    40    65    0    1
 e    40    82    0    1
 e    41    51    0    1
 e    41    52    0    1
 e    41    58    0    1
 e    41    61    0    1
 e    41    62    0    1
 e    41    69    0    1
 e    41    72    0    1
 e    41    73    0    1
 e    41    83    0    1
 e    42    45    0    1
 e    42    49    0    1
 e    42    50    0    1
 e    42    51    0    1
 e    42    58    0    1
 e    42    66    0    1
 e    43    44    0    1
 e    43    46    0    1
 e    43    47    0    1
 e    43    50    0    1
 e    43    53    0    1
 e    43    54    0    1
 e    43    59    0    1
 e    43    60    0    1
 e    44    47    0    1
 e    44    48    0    1
 e    44    54    0    1
 e    44    55    0    1
 e    44    56    0    1
 e    44    59    0    1
 e    44    60    0    1
 e    44    63    0    1
 e    44    64    0    1
 e    44    65    0    1
 e    45    46    0    1
 e    45    49    0    1
 e    45    50    0    1
 e    45    51    0    1
 e    45    58    0    1
 e    45    62    0    1
 e    45    66    0    1
 e    46    47    0    1
 e    46    49    0    1
 e    46    50    0    1
 e    46    53    0    1
 e    46    58    0    1
 e    46    66    0    1
 e    47    50    0    1
 e    47    53    0    1
 e    47    54    0    1
 e    47    55    0    1
 e    47    59    0    1
 e    47    60    0    1
 e    47    63    0    1
 e    47    68    0    1
 e    47    71    0    1
 e    48    54    0    1
 e    48    55    0    1
 e    48    56    0    1
 e    48    57    0    1
 e    48    60    0    1
 e    48    63    0    1
 e    48    64    0    1
 e    48    65    0    1
 e    48    75    0    1
 e    48    81    0    1
 e    48    82    0    1
 e    49    50    0    1
 e    49    51    0    1
 e    49    53    0    1
 e    49    58    0    1
 e    49    59    0    1
 e    49    62    0    1
 e    49    66    0    1
 e    49    74    0    1
 e    50    51    0    1
 e    50    53    0    1
 e    50    58    0    1
 e    50    66    0    1
 e    51    52    0    1
 e    51    58    0    1
 e    51    62    0    1
 e    51    66    0    1
 e    51    74    0    1
 e    52    58    0    1
 e    52    61    0    1
 e    52    62    0    1
 e    52    69    0    1
 e    52    72    0    1
 e    52    73    0    1
 e    52    76    0    1
 e    52    79    0    1
 e    52    83    0    1
 e    53    58    0    1
 e    53    59    0    1
 e    53    60    0    1
 e    53    66    0    1
 e    53    68    0    1
 e    53    70    0    1
 e    54    55    0    1
 e    54    56    0    1
 e    54    57    0    1
 e    54    59    0    1
 e    54    60    0    1
 e    54    63    0    1
 e    54    64    0    1
 e    54    65    0    1
 e    54    78    0    1
 e    54    81    0    1
 e    54    82    0    1
 e    55    56    0    1
 e    55    57    0    1
 e    55    59    0    1
 e    55    60    0    1
 e    55    63    0    1
 e    55    64    0    1
 e    55    65    0    1
 e    55    68    0    1
 e    55    78    0    1
 e    55    81    0    1
 e    55    82    0    1
 e    56    57    0    1
 e    56    60    0    1
 e    56    63    0    1
 e    56    64    0    1
 e    56    65    0    1
 e    56    78    0    1
 e    56    81    0    1
 e    56    82    0    1
 e    57    60    0    1
 e    57    63    0    1
 e    57    64    0    1
 e    57    65    0    1
 e    57    67    0    1
 e    57    75    0    1
 e    57    78    0    1
 e    57    81    0    1
 e    57    82    0    1
 e    57    85    0    1
 e    58    61    0    1
 e    58    62    0    1
 e    58    66    0    1
 e    58    69    0    1
 e    58    73    0    1
 e    58    74    0    1
 e    58    76    0    1
 e    58    80    0    1
 e    58    83    0    1
 e    59    60    0    1
 e    59    63    0    1
 e    59    66    0    1
 e    59    68    0    1
 e    59    70    0    1
 e    59    71    0    1
 e    59    80    0    1
 e    59    81    0    1
 e    59    83    0    1
 e    59    84    0    1
 e    59    86    0    1
 e    60    63    0    1
 e    60    64    0    1
 e    60    65    0    1
 e    60    68    0    1
 e    60    71    0    1
 e    60    78    0    1
 e    60    80    0    1
 e    60    81    0    1
 e    60    82    0    1
 e    60    84    0    1
 e    60    86    0    1
 e    61    62    0    1
 e    61    69    0    1
 e    61    72    0    1
 e    61    73    0    1
 e    61    74    0    1
 e    61    76    0    1
 e    61    79    0    1
 e    61    83    0    1
 e    61    84    0    1
 e    61    88    0    1
 e    62    66    0    1
 e    62    69    0    1
 e    62    73    0    1
 e    62    74    0    1
 e    62    76    0    1
 e    62    79    0    1
 e    62    80    0    1
 e    62    83    0    1
 e    63    64    0    1
 e    63    65    0    1
 e    63    68    0    1
 e    63    71    0    1
 e    63    78    0    1
 e    63    80    0    1
 e    63    81    0    1
 e    63    82    0    1
 e    63    84    0    1
 e    63    86    0    1
 e    64    65    0    1
 e    64    68    0    1
 e    64    71    0    1
 e    64    75    0    1
 e    64    78    0    1
 e    64    81    0    1
 e    64    82    0    1
 e    65    68    0    1
 e    65    71    0    1
 e    65    75    0    1
 e    65    78    0    1
 e    65    81    0    1
 e    65    82    0    1
 e    66    70    0    1
 e    66    74    0    1
 e    66    76    0    1
 e    66    77    0    1
 e    66    80    0    1
 e    66    81    0    1
 e    66    83    0    1
 e    66    84    0    1
 e    66    86    0    1
 e    67    75    0    1
 e    67    82    0    1
 e    67    85    0    1
 e    68    70    0    1
 e    68    71    0    1
 e    68    74    0    1
 e    68    77    0    1
 e    68    78    0    1
 e    68    80    0    1
 e    68    81    0    1
 e    68    83    0    1
 e    68    84    0    1
 e    68    86    0    1
 e    69    72    0    1
 e    69    73    0    1
 e    69    74    0    1
 e    69    76    0    1
 e    69    79    0    1
 e    69    83    0    1
 e    69    84    0    1
 e    69    88    0    1
 e    69    94    0    1
 e    70    71    0    1
 e    70    74    0    1
 e    70    76    0    1
 e    70    77    0    1
 e    70    78    0    1
 e    70    80    0    1
 e    70    81    0    1
 e    70    83    0    1
 e    70    84    0    1
 e    70    86    0    1
 e    71    74    0    1
 e    71    77    0    1
 e    71    78    0    1
 e    71    80    0    1
 e    71    81    0    1
 e    71    82    0    1
 e    71    83    0    1
 e    71    84    0    1
 e    71    86    0    1
 e    72    73    0    1
 e    72    79    0    1
 e    72    83    0    1
 e    72    84    0    1
 e    72    88    0    1
 e    72    94    0    1
 e    73    74    0    1
 e    73    76    0    1
 e    73    77    0    1
 e    73    79    0    1
 e    73    80    0    1
 e    73    83    0    1
 e    73    84    0    1
 e    73    86    0    1
 e    73    88    0    1
 e    74    76    0    1
 e    74    77    0    1
 e    74    78    0    1
 e    74    80    0    1
 e    74    81    0    1
 e    74    83    0    1
 e    74    84    0    1
 e    74    86    0    1
 e    74    92    0    1
 e    75    82    0    1
 e    75    85    0    1
 e    75    87    0    1
 e    76    77    0    1
 e    76    79    0    1
 e    76    80    0    1
 e    76    81    0    1
 e    76    83    0    1
 e    76    84    0    1
 e    76    86    0    1
 e    76    88    0    1
 e    76    92    0    1
 e    77    78    0    1
 e    77    80    0    1
 e    77    81    0    1
 e    77    83    0    1
 e    77    84    0    1
 e    77    86    0    1
 e    77    92    0    1
 e    78    80    0    1
 e    78    81    0    1
 e    78    82    0    1
 e    78    83    0    1
 e    78    84    0    1
 e    78    86    0    1
 e    78    92    0    1
 e    79    83    0    1
 e    79    84    0    1
 e    79    88    0    1
 e    79    89    0    1
 e    79    91    0    1
 e    79    94    0    1
 e    80    81    0    1
 e    80    82    0    1
 e    80    83    0    1
 e    80    84    0    1
 e    80    86    0    1
 e    80    87    0    1
 e    80    89    0    1
 e    80    92    0    1
 e    80    93    0    1
 e    81    82    0    1
 e    81    83    0    1
 e    81    84    0    1
 e    81    86    0    1
 e    81    87    0    1
 e    81    92    0    1
 e    82    84    0    1
 e    82    85    0    1
 e    82    86    0    1
 e    82    87    0    1
 e    82    90    0    1
 e    83    84    0    1
 e    83    86    0    1
 e    83    88    0    1
 e    83    89    0    1
 e    83    91    0    1
 e    83    92    0    1
 e    83    94    0    1
 e    84    86    0    1
 e    84    87    0    1
 e    84    88    0    1
 e    84    89    0    1
 e    84    91    0    1
 e    84    92    0    1
 e    84    93    0    1
 e    84    94    0    1
 e    85    86    0    1
 e    85    87    0    1
 e    85    90    0    1
 e    86    87    0    1
 e    86    89    0    1
 e    86    90    0    1
 e    86    91    0    1
 e    86    92    0    1
 e    86    93    0    1
 e    87    90    0    1
 e    87    92    0    1
 e    87    93    0    1
 e    88    89    0    1
 e    88    91    0    1
 e    88    93    0    1
 e    88    94    0    1
 e    89    91    0    1
 e    89    92    0    1
 e    89    93    0    1
 e    89    94    0    1
 e    90    92    0    1
 e    91    92    0    1
 e    91    93    0    1
 e    91    94    0    1
 e    92    93    0    1
 e    93    94    0    1